1	1	180.000000	8	12	1	3890191344	-1	-1	
1	2	84.000000	8	12	1	3796018544	-1	-1	
1	3	1.000000	8	12	1	3796023584	-1	-1	
1	4	1.000000	8	12	1	3795949712	-1	-1	
1	5	40.000000	8	12	1	3796075392	-1	-1	
1	6	5.000000	8	12	1	3796024160	-1	-1	
2	1	30.000000	8	12	1	3798420528	-1	-1	
2	2	1.000000	8	12	1	3796145312	3890191344	3798420528	
2	3	75.000000	8	12	1	3796081280	3798420528	3798420528	
2	4	1.000000	8	12	1	3796145168	3890191344	3890191344	
2	5	94.000000	8	12	1	3796144160	3798420528	-2	
2	6	218.000000	8	12	1	3796143728	3798420528	3890191344	
3	1	229.000000	8	12	1	3796143728	3798420528	3890191344	
3	2	216.000000	8	12	1	3795917440	3796143728	-2	
3	3	208.000000	8	12	1	3795990240	3796143728	3796143728	
3	4	241.000000	8	12	1	3795996848	3796143728	3796143728	
3	5	256.000000	8	12	1	3795659968	3796143728	3796143728	
3	6	103.000000	8	12	1	3795652064	3796143728	3891833984	
4	1	40.000000	8	12	1	3797571152	3797537520	-2	
4	2	184.000000	8	12	1	3795321584	3795659968	-2	
4	3	179.000000	8	12	1	3795282416	3797571152	3795996848	
4	4	245.000000	8	12	1	3795623680	3795659968	-2	
4	5	101.000000	8	12	1	3795847808	3795659968	-2	
4	6	101.000000	8	12	1	3795851264	3795659968	-2	
5	1	71.000000	8	12	1	3796048656	3795766896	3795866848	
5	2	85.000000	8	12	1	3796329776	3796048656	-2	
5	3	83.000000	8	12	1	3796352624	3795623680	3796048656	
5	4	1.000000	8	12	1	3795995264	3795623680	-2	
5	5	214.000000	8	12	2	3795259280	3795623680	-2	
5	6	1038.000000	8	12	1	3795578048	3795623680	-2	
6	1	1.000000	8	12	1	3795578048	3795623680	-2	
6	2	61.000000	8	12	1	3795259280	3795623680	-2	
6	3	33.000000	8	12	1	3795566480	3795578048	3795578048	
6	4	52.000000	8	12	3	3795187488	3796329776	-2	
6	5	61.000000	8	12	1	3795672400	3795259280	3795259280	
6	6	32.000000	8	12	1	3795673120	3795259280	-2	
7	1	88.000000	8	12	1	3795259280	3795623680	-2	
7	2	112.000000	8	12	1	3795252880	3795259280	-2	
7	3	52.000000	8	12	3	3796949712	3796048656	3796048656	
7	4	1.000000	8	12	3	3795684336	3796949712	3796949712	
7	5	1.000000	8	12	3	3796353344	3796949712	-2	
7	6	1.000000	8	12	3	3795219904	3796949712	-2	
8	1	78.000000	8	12	1	3795252880	3795259280	-2	
8	2	140.000000	8	12	1	3795579056	3795252880	-2	
8	3	48.000000	8	12	3	3796949712	3796048656	3796048656	
8	4	1.000000	8	12	3	3795179376	3796949712	3796949712	
8	5	1.000000	8	12	3	3795675920	3796949712	-2	
8	6	1.000000	9	14	4	3795642864	3796949712	-2	
9	1	138.000000	8	12	1	3795579056	3795252880	-2	
9	2	151.000000	8	12	1	3795588608	3795579056	3795579056	
9	3	161.000000	8	12	1	3795196976	3795579056	3795579056	
9	4	157.000000	8	12	1	3795198128	3795579056	3795579056	
9	5	269.000000	8	12	3	3797200352	3797216384	3797216384	
9	6	273.000000	8	12	3	3795136832	3797200352	-2	
10	1	274.000000	8	12	1	3795196976	3795579056	3795579056	
10	2	264.000000	8	12	1	3795689072	3795196976	3795196976	
10	3	276.000000	8	12	3	3796868576	3797200352	3796949712	
10	4	275.000000	8	12	3	3795688784	3796868576	3796868576	
10	5	7219.000000	8	12	3	3795372240	3796868576	3796868576	
10	6	276.000000	8	12	3	3795397680	3796868576	3796868576	
11	1	50.000000	8	12	1	3796949712	3796048656	3796048656	
11	2	156.000000	8	12	1	3795372240	3796868576	3796868576	
11	3	41.000000	8	12	1	3795590560	3796949712	-2	
11	4	1.000000	8	12	1	3795178288	3796949712	3796949712	
11	5	1.000000	8	12	1	3795320144	3796949712	-2	
11	6	44.000000	8	12	1	3796064832	3795372240	-2	
12	1	94.000000	8	12	1	3795540320	3796949712	-2	
12	2	137.000000	8	12	1	3777067504	3795540320	3795540320	
12	3	88.000000	8	12	1	3795344000	3795540320	-2	
12	4	78.000000	8	12	1	3786458560	3795540320	3795372240	
12	5	1.000000	8	12	1	3786154080	3795540320	3795372240	
12	6	66.000000	8	12	1	3777063408	3796949712	-2	
13	1	32.000000	8	12	1	3512215184	3796839904	-2	
13	2	194.000000	8	12	1	3795573376	3512215184	3777067504	
13	3	220.000000	8	12	1	3795251952	3512215184	3777067504	
13	4	1201.000000	8	12	1	3795642288	3512215184	-2	
13	5	82.000000	8	12	1	3795319504	3777067504	3777067504	
13	6	155.000000	8	12	1	3796063680	3777067504	-2	
14	1	190.000000	8	12	1	3795540320	3796949712	-2	
14	2	195.000000	8	12	1	3795098896	3795540320	3795540320	
14	3	233.000000	8	12	1	3795098032	3795251952	3795540320	
14	4	146.000000	8	12	1	3795094432	3795540320	-2	
14	5	197.000000	8	12	1	3795545216	3795540320	3795540320	
14	6	127.000000	8	12	1	3786089632	3795540320	3795642288	
15	1	200.000000	8	12	1	3795098032	3795251952	3795540320	
15	2	172.000000	8	12	1	3786219120	3795098032	-2	
15	3	7223.000000	8	12	6	3654600768	3798006832	-2	
15	4	256.000000	8	12	6	3795326112	3654600768	-2	
15	5	276.000000	8	12	6	3795571440	3654600768	3654600768	
15	6	274.000000	8	12	6	3795782704	3654600768	-2	
16	1	242.000000	8	12	1	3795098032	3795251952	3795540320	
16	2	45.000000	8	12	1	3795540320	3796949712	-2	
16	3	1.000000	8	12	1	3795336240	3795540320	-2	
16	4	106.000000	8	12	1	3654600768	3798006832	-2	
16	5	184.000000	8	12	1	3795363328	3654600768	3654600768	
16	6	4.000000	9	14	8	3777161568	3795540320	3795540320	
17	1	170.000000	8	12	1	3795098032	3795251952	3795540320	
17	2	234.000000	8	12	9	3795919600	3654606160	3795098032	
17	3	1216.000000	8	12	1	3786911776	3795098032	3795098032	
17	4	114.000000	8	12	9	3795761728	3795363328	3795098032	
17	5	238.000000	8	12	1	3796014448	3795098032	3795098032	
17	6	7237.000000	8	12	9	3795365344	3654606160	3654606160	
18	1	267.000000	8	12	1	3786911776	3795098032	3795098032	
18	2	211.000000	8	12	9	3654600768	3798006832	-2	
18	3	154.000000	8	12	9	3777068944	3654600768	3654600768	
18	4	41.000000	8	12	9	3777141664	3654600768	-2	
18	5	176.000000	8	12	9	3795299888	3654600768	-2	
18	6	276.000000	8	12	9	3777079360	3654600768	-2	
19	1	224.000000	8	12	1	3786911776	3795098032	3795098032	
19	2	273.000000	8	12	9	3777079360	3654600768	-2	
19	3	1272.000000	8	12	1	3653027264	3653039840	3652761088	
19	4	151.000000	8	12	9	3795293200	3777079360	3777079360	
19	5	212.000000	8	12	9	3786276176	3653027264	-2	
19	6	274.000000	8	12	1	3795548080	3653027264	-2	
20	1	275.000000	8	12	1	3653027264	3653039840	3652761088	
20	2	135.000000	8	12	1	3654600768	3798006832	-2	
20	3	207.000000	8	12	1	3786388496	3653027264	3653027264	
20	4	164.000000	8	12	1	3786386048	3654600768	3654600768	
20	5	8027.000000	8	12	9	3777313264	3654600768	3654600768	
20	6	77.000000	8	12	9	3786196912	3654600768	-2	
