1	1	18.000000	8	12	1	3890189616	-1	-1	
1	2	24.000000	8	12	1	3796014960	-1	-1	
1	3	1.000000	8	12	1	3796005824	-1	-1	
1	4	244.000000	8	12	1	3795930304	-1	-1	
1	5	155.000000	8	12	1	3796037232	-1	-1	
1	6	20.000000	8	12	1	3795901632	-1	-1	
2	1	234.000000	8	12	1	3795930304	-1	-1	
2	2	230.000000	8	12	1	3795961056	3795930304	3795930304	
2	3	235.000000	8	12	1	3796423696	3795930304	3795930304	
2	4	132.000000	8	12	1	3795997856	3796014960	3795930304	
2	5	75.000000	8	12	1	3796012368	3796014960	3795930304	
2	6	2.000000	9	14	2	3795535936	3795930304	-2	
3	1	1.000000	8	12	1	3796482768	-1	-1	
3	2	244.000000	8	12	1	3795634960	3795930304	3796423696	
3	3	38.000000	8	12	1	3795172544	3796482768	-2	
3	4	1.000000	8	12	1	3796850256	3796482768	-2	
3	5	247.000000	8	12	1	3795615344	3796423696	3796423696	
3	6	15.000000	8	12	1	3796040464	3796482768	3796482768	
4	1	1.000000	8	12	1	3797056848	-1	-1	
4	2	1.000000	8	12	1	3795582864	3797056848	-2	
4	3	1.000000	8	12	1	3796067984	3797056848	3795634960	
4	4	165.000000	8	12	1	3795597088	3797056848	-2	
4	5	255.000000	8	12	1	3795579920	3795615344	3795615344	
4	6	202.000000	8	12	1	3795588752	3797056848	3797056848	
5	1	117.000000	8	12	1	3796147392	3797056848	3797757696	
5	2	158.000000	8	12	1	3795554480	3796147392	-2	
5	3	254.000000	8	12	1	3795879648	3796147392	3796147392	
5	4	1072.000000	8	12	1	3795562960	3795588752	-2	
5	5	1.000000	8	12	1	3795560512	3796147392	-2	
5	6	1.000000	8	12	1	3795562960	3796147392	-2	
6	1	212.000000	8	12	1	3796066624	3797937488	-2	
6	2	259.000000	8	12	1	3795231392	3796066624	3796066624	
6	3	249.000000	8	12	1	3795309296	3796066624	3796066624	
6	4	257.000000	8	12	1	3795215088	3796066624	-2	
6	5	8024.000000	8	12	3	3795263808	3795562960	-2	
6	6	1.000000	9	14	4	3795234128	3795562960	-2	
7	1	246.000000	8	12	1	3795944896	3796755824	3796274080	
7	2	3.000000	8	12	1	3795263808	3795562960	-2	
7	3	1187.000000	8	12	1	3795312960	3795263808	-2	
7	4	1.000000	8	12	1	3795681744	3795263808	3795263808	
7	5	1.000000	8	12	1	3795329920	3795263808	3795263808	
7	6	7023.000000	8	12	1	3795695536	3795263808	-2	
8	1	1.000000	8	12	1	3795695536	3795263808	-2	
8	2	36.000000	8	12	1	3796034720	3795695536	-2	
8	3	1051.000000	8	12	1	3795260064	3795312960	-2	
8	4	7079.000000	8	12	1	3795699056	3795695536	3795695536	
8	5	103.000000	8	12	1	3795671184	3795312960	3795695536	
8	6	148.000000	8	12	1	3795584448	3795312960	3795695536	
9	1	1.000000	8	12	1	3795699056	3795695536	3795695536	
9	2	225.000000	8	12	1	3795269056	3795699056	-2	
9	3	1216.000000	8	12	1	3796003456	3795696624	3795696624	
9	4	3.000000	8	12	1	3795272864	3795699056	-2	
9	5	7027.000000	8	12	1	3795568560	3795699056	3795699056	
9	6	260.000000	8	12	1	3796341920	3795696624	-2	
10	1	1261.000000	8	12	1	3795674912	3795696624	3795263808	
10	2	232.000000	8	12	1	3795555264	3796003456	-2	
10	3	156.000000	8	12	1	3795165504	3795674912	-2	
10	4	7072.000000	8	12	1	3795558432	3796003456	3795568560	
10	5	1.000000	8	12	1	3795457040	3795674912	3795568560	
10	6	1.000000	8	12	1	3795235136	3795674912	3795568560	
11	1	76.000000	8	12	6	3795558432	3796003456	3795568560	
11	2	1269.000000	8	12	1	3795708112	3795674912	3795558432	
11	3	253.000000	8	12	1	3777046880	3795674912	-2	
11	4	7038.000000	8	12	6	3795994400	3795555264	3795558432	
11	5	184.000000	8	12	6	3795982336	3795558432	3795558432	
11	6	10.000000	8	12	7	3796006768	3795674912	3795558432	
12	1	1255.000000	8	12	1	3795708112	3795674912	3795558432	
12	2	36.000000	8	12	1	3795994400	3795555264	3795558432	
12	3	7046.000000	8	12	1	3795193312	3795994400	3795994400	
12	4	77.000000	8	12	1	3795310160	3795994400	3795994400	
12	5	70.000000	8	12	1	3795642720	3795994400	3795994400	
12	6	68.000000	8	12	1	3795152640	3795994400	3795994400	
13	1	88.000000	8	12	1	3786461216	3795573744	3795674912	
13	2	47.000000	8	12	1	3795309936	3795193312	3786461216	
13	3	84.000000	8	12	1	3795297648	3786461216	-2	
13	4	112.000000	8	12	1	3795643152	3786461216	3786461216	
13	5	3.000000	8	12	1	3795651920	3786461216	3786461216	
13	6	1090.000000	8	12	1	3795305840	3786461216	-2	
14	1	94.000000	8	12	1	3795305840	3786461216	-2	
14	2	162.000000	8	12	8	3796011872	3786461216	-2	
14	3	161.000000	8	12	8	3777031072	3796011872	3796011872	
14	4	215.000000	8	12	8	3786241536	3796011872	3796011872	
14	5	78.000000	8	12	8	3777048608	3796011872	-2	
14	6	1.000000	8	12	8	3786559664	3795305840	3795643152	
15	1	110.000000	8	12	1	3795305840	3786461216	-2	
15	2	204.000000	8	12	1	3797370448	3796011872	3796011872	
15	3	225.000000	8	12	8	3777126288	3797370448	3797370448	
15	4	216.000000	8	12	8	3786179024	3786241536	-2	
15	5	15142.000000	8	12	8	3777121328	3796011872	-2	
15	6	7058.000000	9	14	10	3786611904	3797370448	-2	
16	1	1229.000000	8	12	1	3786774384	3796011872	-2	
16	2	7155.000000	8	12	1	3777121328	3796011872	-2	
16	3	1205.000000	8	12	1	3786213296	3777121328	-2	
16	4	8072.000000	8	12	1	3796067408	3777121328	-2	
16	5	152.000000	9	14	10	3786611904	3797370448	-2	
16	6	30.000000	9	14	10	3786166448	3786611904	-2	
17	1	85.000000	8	12	1	3796067408	3777121328	-2	
17	2	1.000000	8	12	1	3795630000	3796067408	3777121328	
17	3	1.000000	8	12	1	3777049472	3796067408	-2	
17	4	7141.000000	8	12	1	3786250672	3796067408	3796067408	
17	5	1078.000000	8	12	1	3786237520	3796067408	3777121328	
17	6	1.000000	8	12	1	3786235648	3796067408	3796067408	
18	1	68.000000	8	12	1	3786250672	3796067408	3796067408	
18	2	1.000000	8	12	11	3795709264	3786504688	-2	
18	3	7047.000000	8	12	11	3786228320	3795709264	-2	
18	4	4.000000	8	12	11	3786185776	3795709264	3795709264	
18	5	207.000000	8	12	11	3795561952	3795709264	3795709264	
18	6	27.000000	8	12	12	3786184912	3786237520	-2	
19	1	182.000000	8	12	1	3796306560	3786755984	3786755984	
19	2	99.000000	8	12	13	3786228320	3795709264	-2	
19	3	189.000000	8	12	1	3777157552	3796306560	-2	
19	4	213.000000	8	12	1	3777101280	3796306560	3796306560	
19	5	40.000000	8	12	1	3777028560	3796306560	3796306560	
19	6	65.000000	8	12	13	3786071664	3786228320	3786228320	
20	1	260.000000	8	12	1	3795834512	3786551472	3777121328	
20	2	89.000000	8	12	15	3795341488	3795834512	-2	
20	3	8177.000000	8	12	1	3786207552	3795834512	3777101280	
20	4	271.000000	8	12	1	3786302976	3795834512	3795834512	
20	5	240.000000	8	12	14	3786566128	3777101280	-2	
20	6	199.000000	8	12	14	3786342432	3795834512	3777101280	
