1	1	24.000000	8	12	1	3890827584	-1	-1	
1	2	1.000000	8	12	1	3796750080	-1	-1	
1	3	1.000000	8	12	1	3796751376	-1	-1	
1	4	1.000000	8	12	1	3796543984	-1	-1	
1	5	235.000000	8	12	1	3796717888	-1	-1	
1	6	48.000000	8	12	1	3796472848	-1	-1	
1	7	3.000000	8	12	1	3796664352	-1	-1	
1	8	1.000000	8	12	1	3796146816	-1	-1	
1	9	241.000000	8	12	1	3796749216	-1	-1	
1	10	244.000000	8	12	1	3796749216	-1	-1	
1	11	27.000000	8	12	1	3795501872	-1	-1	
1	12	52.000000	8	12	1	3795503888	-1	-1	
1	13	13.000000	8	12	1	3795506768	-1	-1	
1	14	1.000000	8	12	1	3795505760	-1	-1	
1	15	129.000000	8	12	1	3795505184	-1	-1	
1	16	43.000000	8	12	1	3795504896	-1	-1	
1	17	1073.000000	8	12	1	3795505760	-1	-1	
1	18	257.000000	8	12	1	3796693456	-1	-1	
1	19	274.000000	8	12	1	3796654288	-1	-1	
1	20	126.000000	8	12	1	3796681888	-1	-1	
1	21	1.000000	8	12	1	3796265888	-1	-1	
1	22	1.000000	8	12	1	3796560368	-1	-1	
1	23	1.000000	8	12	1	3796577040	-1	-1	
1	24	1.000000	8	12	1	3796661472	-1	-1	
2	1	97.000000	8	12	1	3796616704	-1	-1	
2	2	7152.000000	8	12	1	3796134608	3796616704	-2	
2	3	1000.000000	8	12	1	3796494912	3796749216	3795504896	
2	4	146.000000	8	12	1	3796299232	3796749216	-2	
2	5	1254.000000	8	12	1	3796074528	3795505760	3796472848	
2	6	274.000000	8	12	1	3796582432	3796749216	-2	
2	7	274.000000	8	12	1	3796652640	3796616704	-2	
2	8	52.000000	8	12	1	3796663488	3796616704	3796681888	
2	9	30.000000	8	12	1	3796441952	3795505184	3796693456	
2	10	275.000000	8	12	1	3796480464	3796693456	3795503888	
2	11	92.000000	8	12	1	3796480032	3796681888	3795503888	
2	12	54.000000	8	12	1	3796652208	3796749216	3796616704	
2	13	264.000000	8	12	1	3787098320	3796654288	3796693456	
2	14	276.000000	8	12	1	3787138416	3796749216	3795505760	
2	15	21.000000	8	12	1	3787138416	3796717888	3796717888	
2	16	38.000000	8	12	1	3787141872	3796654288	3796616704	
2	17	80.000000	8	12	1	3777587696	3796749216	3796616704	
2	18	235.000000	8	12	1	3777588848	3796693456	3796693456	
2	19	275.000000	8	12	1	3777589280	3795505760	-2	
2	20	275.000000	8	12	1	3777592304	3795505760	-2	
2	21	177.000000	8	12	1	3777599408	3796693456	3796654288	
2	22	22.000000	8	12	1	3777611120	3796749216	3795505184	
2	23	1.000000	8	12	1	3777611840	3795505760	3795505760	
2	24	1.000000	8	12	1	3777602864	3795505184	3795505760	
3	1	115.000000	8	12	1	3796134608	3796616704	-2	
3	2	7165.000000	8	12	1	3796969536	3796729104	3796134608	
3	3	1.000000	8	12	1	3796219968	3796729104	3787138416	
3	4	18.000000	8	12	1	3796632800	3796652640	-2	
3	5	65.000000	8	12	1	3796616128	3796074528	3796494912	
3	6	1.000000	8	12	1	3796248576	3777588848	3796494912	
3	7	1.000000	8	12	1	3796213648	3796494912	-2	
3	8	1.000000	8	12	1	3796235712	3796299232	3796652640	
3	9	1.000000	8	12	1	3796248144	3796652640	-2	
3	10	1.000000	8	12	1	3796253456	3796480464	3777589280	
3	11	1.000000	8	12	1	3796257488	3777599408	3796729104	
3	12	1.000000	8	12	1	3796251584	3777592304	3787138416	
3	13	8163.000000	8	12	1	3796605280	3796134608	3796134608	
3	14	95.000000	8	12	1	3796609168	3777592304	3777599408	
3	15	1208.000000	8	12	1	3796628784	3796074528	-2	
3	16	270.000000	8	12	1	3796650480	3796074528	3796074528	
3	17	7255.000000	8	12	1	3796563824	3796729104	3787098320	
3	18	131.000000	8	12	1	3796560800	3796494912	3787098320	
3	19	169.000000	8	12	1	3796660256	3796134608	3796074528	
3	20	268.000000	8	12	1	3796674480	3796480464	-2	
3	21	275.000000	8	12	1	3796447264	3777592304	-2	
3	22	201.000000	8	12	1	3796685984	3796480464	3796480464	
3	23	21.000000	8	12	1	3796562672	3796652640	-2	
3	24	4.000000	8	12	1	3796717312	3796652640	-2	
4	1	1.000000	8	12	1	3795921968	3890916192	3796880864	
4	2	45.000000	8	12	1	3796693024	3796605280	3796674480	
4	3	8205.000000	8	12	1	3787097168	3795921968	-2	
4	4	42.000000	8	12	1	3796749792	3796685984	-2	
4	5	184.000000	8	12	1	3796678720	3796674480	3796685984	
4	6	98.000000	8	12	1	3786823968	3795921968	3796563824	
4	7	1212.000000	8	12	1	3787231696	3796650480	-2	
4	8	12.000000	8	12	1	3796214656	3796628784	3796605280	
4	9	227.000000	8	12	1	3796998576	3796447264	3796609168	
4	10	7270.000000	8	12	1	3796532992	3796674480	3796628784	
4	11	275.000000	8	12	1	3796559216	3796685984	3796134608	
4	12	1255.000000	8	12	1	3796897536	3796650480	-2	
4	13	50.000000	8	12	1	3796150848	3796605280	3796628784	
4	14	1.000000	8	12	1	3796153648	3796605280	3796605280	
4	15	7090.000000	8	12	1	3796923696	3796650480	3796969536	
4	16	2.000000	8	12	1	3796530544	3796605280	3796605280	
4	17	157.000000	8	12	1	3796534000	3796563824	3795921968	
4	18	4.000000	8	12	1	3796855280	3796969536	-2	
4	19	4.000000	8	12	1	3796267616	3796605280	-2	
4	20	49.000000	8	12	1	3796533280	3796616128	3796969536	
4	21	180.000000	8	12	1	3796616352	3796563824	-2	
4	22	3041.000000	8	12	1	3796642576	3796605280	-2	
4	23	2083.000000	8	12	1	3796677936	3796605280	-2	
4	24	190.000000	8	12	1	3796676064	3796660256	-2	
5	1	197.000000	8	12	1	3787097168	3795921968	-2	
5	2	258.000000	8	12	1	3795973920	3787231696	3796923696	
5	3	25.000000	8	12	1	3777800480	3796677936	3796923696	
5	4	49.000000	8	12	1	3777769792	3796897536	3796678720	
5	5	8.000000	8	12	1	3795567840	3796677936	3796642576	
5	6	2.000000	8	12	2	3777734080	3588091504	3588091504	
5	7	231.000000	8	12	2	3588091504	3797223344	-2	
5	8	258.000000	8	12	2	3786707696	3588091504	3588091504	
5	9	158.000000	8	12	2	3790885328	3588091504	-2	
5	10	228.000000	8	12	2	3795666800	3588091504	3588091504	
5	11	255.000000	8	12	2	3796529472	3588091504	3588091504	
5	12	221.000000	8	12	2	3795825104	3588091504	-2	
5	13	214.000000	8	12	2	3786771296	3588091504	3588091504	
5	14	238.000000	8	12	2	3799882512	3588091504	-2	
5	15	234.000000	8	12	2	3787224944	3588091504	3588091504	
5	16	226.000000	8	12	2	3890776640	3588091504	3588091504	
5	17	272.000000	8	12	2	3796226800	3588091504	-2	
5	18	1258.000000	8	12	2	3787204896	3588091504	3588091504	
5	19	242.000000	8	12	2	3787200576	3588091504	3588091504	
5	20	223.000000	8	12	2	3796978592	3588091504	3588091504	
5	21	218.000000	8	12	2	3786984496	3588091504	3588091504	
5	22	215.000000	8	12	2	3777733216	3588091504	3588091504	
5	23	210.000000	8	12	2	3777732784	3588091504	3588091504	
5	24	190.000000	8	12	2	3777704112	3588091504	3588091504	
6	1	8140.000000	8	12	1	3796905584	3795921968	3796888912	
6	2	9231.000000	8	12	1	3796445824	3796905584	-2	
6	3	275.000000	8	12	1	3787149984	3795973920	-2	
6	4	244.000000	8	12	1	3777988320	3796905584	-2	
6	5	8078.000000	8	12	1	3787149200	3787097168	-2	
6	6	1.000000	8	12	1	3777790128	3795973920	3796905584	
6	7	1.000000	8	12	1	3777863712	3796905584	3796905584	
6	8	211.000000	8	12	1	3777718048	3796905584	3796905584	
6	9	1193.000000	8	12	1	3787242912	3795973920	3796905584	
6	10	193.000000	8	12	1	3777934928	3795973920	-2	
6	11	208.000000	8	12	1	3777887280	3796905584	3795973920	
6	12	222.000000	8	12	1	3777752400	3795973920	3787097168	
6	13	8141.000000	8	12	1	3777679392	3795973920	3796905584	
6	14	210.000000	8	12	1	3777759440	3795973920	-2	
6	15	263.000000	8	12	1	3777768288	3795973920	3787097168	
6	16	1045.000000	8	12	1	3787305712	3796905584	3796905584	
6	17	8152.000000	8	12	1	3777781360	3787097168	-2	
6	18	191.000000	8	12	1	3796519344	3787097168	3787097168	
6	19	261.000000	8	12	2	3787204896	3588091504	3588091504	
6	20	213.000000	8	12	2	3796517760	3787204896	3799882512	
6	21	216.000000	8	12	2	3796533488	3787204896	3787204896	
6	22	188.000000	8	12	2	3796675856	3786707696	3787204896	
6	23	24.000000	8	12	2	3786838480	3787204896	3796226800	
6	24	132.000000	8	12	2	3796608160	3786707696	3787200576	
7	1	246.000000	8	12	1	3796445824	3796905584	-2	
7	2	1271.000000	8	12	1	3787306864	3787242912	-2	
7	3	276.000000	8	12	1	3777641312	3777781360	3787149984	
7	4	8114.000000	8	12	1	3777688448	3787149984	3777679392	
7	5	232.000000	8	12	1	3787219984	3796445824	-2	
7	6	130.000000	8	12	1	3787221056	3777781360	3796905584	
7	7	37.000000	8	12	1	3791389856	3796905584	3777679392	
7	8	232.000000	8	12	1	3787158832	3787305712	3796445824	
7	9	229.000000	8	12	1	3787157248	3796445824	3796445824	
7	10	276.000000	8	12	1	3787322592	3787149984	3787242912	
7	11	228.000000	8	12	1	3777985296	3787149984	3777781360	
7	12	276.000000	8	12	1	3777977328	3796445824	3777679392	
7	13	160.000000	8	12	1	3787356448	3777781360	-2	
7	14	256.000000	8	12	1	3787321088	3777781360	3787242912	
7	15	243.000000	8	12	1	3787354432	3787242912	3796445824	
7	16	232.000000	8	12	1	3796685840	3796445824	3777781360	
7	17	236.000000	8	12	1	3777889584	3777768288	3787593584	
7	18	12.000000	8	12	1	3777889296	3787242912	3796445824	
7	19	133.000000	8	12	1	3787327488	3777679392	3777781360	
7	20	133.000000	8	12	1	3796657600	3787242912	3787242912	
7	21	237.000000	8	12	1	3787198928	3777781360	3796445824	
7	22	63.000000	8	12	1	3777791056	3787593584	3777781360	
7	23	202.000000	8	12	2	3787204896	3588091504	3588091504	
7	24	26.000000	9	14	3	3787116000	3787593584	3777781360	
8	1	1.000000	8	12	1	3777688448	3787149984	3777679392	
8	2	90.000000	8	12	5	3786471200	3777889584	3777977328	
8	3	227.000000	8	12	5	3796534720	3787198928	-2	
8	4	276.000000	8	12	1	3777124272	3378172368	-2	
8	5	250.000000	8	12	1	3786904016	3378172368	3378172368	
8	6	218.000000	8	12	1	3378172368	3797627920	3588099552	
8	7	268.000000	8	12	1	3777086400	3378172368	-2	
8	8	273.000000	8	12	1	3795847952	3378172368	3378172368	
8	9	276.000000	8	12	1	3786865856	3378172368	3378172368	
8	10	274.000000	8	12	1	3777791280	3378172368	3378172368	
8	11	272.000000	8	12	1	3786819008	3378172368	3378172368	
8	12	253.000000	8	12	1	3787284512	3378172368	-2	
8	13	274.000000	8	12	1	3787235936	3378172368	3378172368	
8	14	272.000000	8	12	1	3787349408	3378172368	3378172368	
8	15	63.000000	8	12	1	3777573184	3378172368	3378172368	
8	16	54.000000	8	12	1	3777474880	3378172368	3378172368	
8	17	18.000000	8	12	1	3777454112	3378172368	3378172368	
8	18	274.000000	8	12	1	3786903008	3378172368	3378172368	
8	19	276.000000	8	12	1	3777132544	3378172368	3378172368	
8	20	274.000000	8	12	1	3777519648	3378172368	3378172368	
8	21	238.000000	8	12	1	3777568800	3378172368	3378172368	
8	22	228.000000	8	12	1	3777906752	3378172368	-2	
8	23	55.000000	8	12	1	3777566496	3378172368	3378172368	
8	24	20.000000	9	14	4	3777158624	3378172368	3378172368	
9	1	113.000000	8	12	1	3778192688	3787495488	3796805056	
9	2	216.000000	8	12	7	3796534720	3787198928	-2	
9	3	242.000000	8	12	1	3786939584	3777086400	3787235936	
9	4	1.000000	8	12	1	3787172192	3777124272	3795847952	
9	5	188.000000	8	12	1	3777482208	3787235936	-2	
9	6	273.000000	8	12	1	3786817424	3786865856	-2	
9	7	146.000000	8	12	1	3786864560	3786865856	-2	
9	8	101.000000	8	12	1	3777165456	3786903008	-2	
9	9	48.000000	8	12	1	3786953952	3777124272	3777124272	
9	10	149.000000	8	12	1	3787245712	3778192688	3787235936	
9	11	193.000000	8	12	1	3777110912	3786865856	3777124272	
9	12	247.000000	8	12	1	3777524032	3787235936	-2	
9	13	167.000000	8	12	1	3795818640	3787349408	-2	
9	14	113.000000	8	12	1	3777087552	3787235936	-2	
9	15	101.000000	8	12	1	3777164512	3786865856	3777519648	
9	16	103.000000	8	12	1	3777408624	3786903008	3777124272	
9	17	1072.000000	8	12	7	3777131392	3796534720	-2	
9	18	1.000000	8	12	7	3777046160	3796534720	3796534720	
9	19	248.000000	8	12	1	3777064416	3796534720	3796534720	
9	20	59.000000	8	12	7	3787178880	3796534720	-2	
9	21	1.000000	8	12	7	3777449296	3796534720	3796534720	
9	22	1.000000	8	12	7	3777448864	3796534720	-2	
9	23	262.000000	9	14	4	3777158624	3378172368	3378172368	
9	24	272.000000	9	14	6	3777817936	3796534720	-2	
10	1	7237.000000	8	12	1	3786541920	3786513024	3587634112	
10	2	1265.000000	8	12	1	3777131392	3796534720	-2	
10	3	216.000000	8	12	1	3786677584	3786541920	3795818640	
10	4	245.000000	8	12	1	3777181616	3786541920	-2	
10	5	214.000000	8	12	1	3777213168	3777482208	-2	
10	6	235.000000	8	12	1	3786889072	3786939584	3786939584	
10	7	274.000000	8	12	1	3777199872	3777524032	3777064416	
10	8	54.000000	8	12	1	3796480320	3777131392	-2	
10	9	213.000000	8	12	1	3796665360	3777131392	3796534720	
10	10	73.000000	8	12	1	3786840272	3777131392	-2	
10	11	1.000000	8	12	1	3796557424	3777131392	3796534720	
10	12	246.000000	9	14	4	3777158624	3378172368	3378172368	
10	13	103.000000	9	14	4	3777817936	3796534720	-2	
10	14	259.000000	9	14	4	3777386560	3777158624	-2	
10	15	276.000000	9	14	4	3786961648	3777158624	-2	
10	16	274.000000	9	14	4	3777836976	3777158624	3777158624	
10	17	276.000000	9	14	4	3790581648	3777158624	3777158624	
10	18	271.000000	9	14	4	3787314768	3777158624	3777158624	
10	19	8271.000000	9	14	4	3777108832	3777817936	3777817936	
10	20	276.000000	9	14	4	3777396192	3777817936	3777817936	
10	21	274.000000	9	14	4	3790575184	3777817936	3777817936	
10	22	276.000000	9	14	4	3777048176	3777817936	-2	
10	23	275.000000	9	14	4	3796546720	3777817936	-2	
10	24	275.000000	9	15	4	3787215744	3777817936	-2	
11	1	238.000000	8	12	1	3786882240	3777736304	3777736304	
11	2	130.000000	8	12	1	3777987952	3777199872	3786882240	
11	3	1168.000000	8	12	1	3777230624	3777131392	-2	
11	4	1.000000	8	12	1	3777445200	3777199872	3777131392	
11	5	203.000000	8	12	1	3777085328	3786882240	3777181616	
11	6	11.000000	8	12	1	3777526544	3786541920	3777131392	
11	7	232.000000	8	12	1	3777861056	3777131392	-2	
11	8	8215.000000	8	12	1	3777454112	3786541920	3777131392	
11	9	10229.000000	8	12	1	3777291712	3786882240	3786882240	
11	10	236.000000	8	12	1	3777419120	3786882240	3777181616	
11	11	88.000000	8	12	1	3787087040	3786882240	3786882240	
11	12	197.000000	8	12	1	3777455616	3786541920	3777199872	
11	13	8.000000	8	12	1	3777364432	3777199872	3777131392	
11	14	4.000000	9	14	9	3777458064	3786882240	-2	
11	15	1.000000	9	14	4	3777108832	3777817936	3777817936	
11	16	1.000000	9	15	4	3777362848	3787215744	3786961648	
11	17	1.000000	9	14	4	3777610048	3777108832	-2	
11	18	1.000000	9	14	4	3777179824	3777396192	-2	
11	19	1.000000	9	14	4	3777232784	3777108832	-2	
11	20	1.000000	9	14	4	3777199440	3777396192	3777396192	
11	21	1.000000	9	14	4	3777270224	3777108832	3787215744	
11	22	1.000000	9	14	4	3777160848	3786961648	3777108832	
11	23	1.000000	9	14	4	3777235728	3777048176	3777108832	
11	24	1.000000	9	15	8	3786995712	3787215744	3790581648	
12	1	226.000000	8	12	1	3777291712	3786882240	3786882240	
12	2	183.000000	8	12	1	3787010512	3777291712	3777454112	
12	3	216.000000	8	12	1	3786909616	3787644816	3786882240	
12	4	154.000000	8	12	1	3777498736	3777291712	3787644816	
12	5	1247.000000	8	12	1	3890765568	3777861056	3777861056	
12	6	34.000000	8	12	1	3796561664	3777230624	-2	
12	7	1.000000	8	12	1	3777435648	3777419120	-2	
12	8	133.000000	8	12	1	3786855152	3777291712	3787644816	
12	9	1.000000	8	12	1	3777250032	3787644816	3777419120	
12	10	136.000000	8	12	1	3777588704	3786882240	-2	
12	11	207.000000	8	12	1	3777581952	3777291712	3777291712	
12	12	253.000000	8	12	1	3777560672	3777291712	-2	
12	13	10053.000000	8	12	1	3777090000	3787644816	-2	
12	14	150.000000	8	12	1	3777106448	3777454112	3786882240	
12	15	1109.000000	8	12	1	3777566640	3777291712	3787644816	
12	16	10.000000	8	12	1	3777106240	3777419120	-2	
12	17	1.000000	8	12	1	3777090288	3777291712	-2	
12	18	185.000000	8	12	1	3777089856	3777291712	-2	
12	19	8192.000000	8	12	1	3777282224	3777454112	3777230624	
12	20	7159.000000	8	12	1	3777484224	3777419120	3777291712	
12	21	108.000000	8	12	1	3777483936	3777861056	3786882240	
12	22	183.000000	8	12	1	3796857872	3777419120	3777419120	
12	23	236.000000	8	12	1	3786974864	3777454112	3777230624	
12	24	247.000000	9	14	10	3786931248	3777230624	-2	
13	1	136.000000	8	12	1	3777090000	3787644816	-2	
13	2	11098.000000	9	14	11	3796095440	3787097168	-2	
13	3	35.000000	8	12	1	3796530048	3777560672	-2	
13	4	9174.000000	9	14	11	3576715408	3796095440	3796095440	
13	5	7025.000000	9	14	11	3786913216	3796095440	3796095440	
13	6	1.000000	9	14	11	3777417104	3796095440	3796095440	
13	7	1.000000	9	14	11	3777447216	3796095440	-2	
13	8	1.000000	9	14	11	3786788464	3796095440	3796095440	
13	9	1070.000000	9	14	10	3786931248	3777230624	-2	
13	10	8163.000000	9	14	11	3786448496	3796095440	-2	
13	11	225.000000	9	14	11	3586223584	3796095440	-2	
13	12	6.000000	9	14	11	3777391664	3796095440	-2	
13	13	243.000000	9	14	11	3787252608	3796095440	-2	
13	14	275.000000	9	14	11	3777297888	3796095440	3796095440	
13	15	274.000000	9	14	11	3576827072	3796095440	-2	
13	16	10188.000000	9	14	11	3777301344	3796095440	-2	
13	17	173.000000	9	14	11	3777532656	3796095440	-2	
13	18	55.000000	9	14	11	3777325552	3796095440	-2	
13	19	11144.000000	9	14	11	3786980688	3796095440	3796095440	
13	20	8032.000000	9	14	11	3796248784	3796095440	3796095440	
13	21	222.000000	9	14	11	3786651216	3796095440	-2	
13	22	6.000000	9	14	11	3777634048	3796095440	-2	
13	23	1.000000	9	14	11	3786866144	3796095440	3796095440	
13	24	1.000000	9	14	11	3777686080	3796095440	3796095440	
14	1	1.000000	8	12	1	3777090000	3787644816	-2	
14	2	1.000000	9	14	1	3787183696	3777701888	3787457696	
14	3	1.000000	9	14	1	3585780208	3796248784	3796095440	
14	4	1.000000	9	14	1	3576637440	3786448496	-2	
14	5	82.000000	9	14	1	3777430400	3576715408	-2	
14	6	1112.000000	9	14	1	3777404816	3796095440	-2	
14	7	9154.000000	9	14	1	3576613648	3777297888	-2	
14	8	1174.000000	9	14	1	3787031568	3786913216	3796095440	
14	9	275.000000	9	14	1	3787149920	3576715408	-2	
14	10	12.000000	9	14	1	3796481328	3796095440	-2	
14	11	8238.000000	9	14	1	3795993904	3786980688	-2	
14	12	120.000000	9	14	1	3787111760	3796095440	3787183696	
14	13	8174.000000	9	14	1	3777572608	3777297888	3786980688	
14	14	67.000000	9	14	1	3786940880	3576715408	3796095440	
14	15	1.000000	9	14	1	3787068720	3796248784	3786980688	
14	16	1.000000	9	14	1	3777411360	3777301344	-2	
14	17	1076.000000	9	14	10	3786931248	3777230624	-2	
14	18	1.000000	9	14	10	3777280784	3786931248	3786931248	
14	19	1.000000	9	14	10	3777443696	3786931248	-2	
14	20	1.000000	9	14	10	3777326128	3786931248	3786931248	
14	21	1.000000	9	14	1	3576597056	3786913216	-2	
14	22	7123.000000	9	14	1	3786755344	3786448496	3787183696	
14	23	1.000000	9	14	1	3777435504	3786448496	-2	
14	24	1.000000	9	15	1	3777737312	3576827072	3787183696	
15	1	1101.000000	9	14	1	3576613648	3777297888	-2	
15	2	181.000000	9	14	1	3586300832	3787031568	3787149920	
15	3	20.000000	9	14	1	3576914528	3777404816	-2	
15	4	195.000000	9	14	10	3786931248	3777230624	-2	
15	5	217.000000	9	14	12	3778185424	3777770864	-2	
15	6	1274.000000	9	14	12	3576795456	3778185424	-2	
15	7	208.000000	9	14	12	3777227040	3778185424	3778185424	
15	8	7131.000000	9	14	12	3787024240	3778185424	-2	
15	9	167.000000	9	14	12	3576906912	3778185424	-2	
15	10	208.000000	9	14	12	3375990128	3778185424	3778185424	
15	11	275.000000	9	14	12	3576995008	3778185424	3778185424	
15	12	8178.000000	9	14	12	3576716416	3778185424	-2	
15	13	1090.000000	9	14	12	3777379664	3778185424	3778185424	
15	14	7136.000000	9	14	12	3777601568	3778185424	3778185424	
15	15	71.000000	9	14	12	3777921920	3778185424	3778185424	
15	16	192.000000	9	14	12	3777909200	3778185424	3778185424	
15	17	274.000000	9	14	12	3777587408	3778185424	-2	
15	18	165.000000	9	14	12	3777181120	3778185424	3778185424	
15	19	1055.000000	9	14	12	3777407984	3778185424	-2	
15	20	7074.000000	9	14	12	3777278704	3778185424	3778185424	
15	21	173.000000	9	14	12	3777275104	3778185424	3778185424	
15	22	181.000000	9	14	12	3777277408	3778185424	3778185424	
15	23	203.000000	9	14	12	3786916736	3778185424	-2	
15	24	41.000000	9	14	12	3586380816	3778185424	3778185424	
16	1	1.000000	9	12	1	3777622768	3787033792	3777689808	
16	2	1202.000000	9	14	13	3786931248	3777230624	-2	
16	3	8141.000000	9	14	1	3576716416	3778185424	-2	
16	4	233.000000	9	12	14	3576790352	3777622768	-2	
16	5	7117.000000	9	12	1	3777482928	3777622768	3777622768	
16	6	10217.000000	9	12	13	3576648576	3777622768	-2	
16	7	209.000000	9	12	1	3777272096	3777622768	3777622768	
16	8	217.000000	9	12	1	3777401008	3777622768	3777622768	
16	9	8099.000000	9	12	14	3777314992	3777622768	3777622768	
16	10	1219.000000	9	12	13	3777281504	3777622768	-2	
16	11	8261.000000	9	12	14	3576906336	3777622768	3777622768	
16	12	1173.000000	9	12	1	3576678544	3777622768	3777622768	
16	13	175.000000	9	12	1	3576611424	3777622768	-2	
16	14	39.000000	9	12	1	3376042448	3777622768	3777622768	
16	15	205.000000	9	14	1	3585970208	3576716416	3777407984	
16	16	275.000000	9	14	1	3586353648	3777379664	3576716416	
16	17	139.000000	9	14	1	3376127312	3777601568	-2	
16	18	120.000000	9	14	1	3376114304	3778185424	-2	
16	19	183.000000	9	14	1	3376130192	3787024240	3777278704	
16	20	7193.000000	9	14	1	3576799120	3778185424	3777407984	
16	21	223.000000	9	14	1	3787112048	3576716416	3777601568	
16	22	35.000000	9	14	1	3576665392	3576716416	-2	
16	23	255.000000	9	14	1	3576798832	3576795456	-2	
16	24	276.000000	10	16	1	3576798112	3778185424	-2	
17	1	274.000000	9	14	1	3576716416	3778185424	-2	
17	2	275.000000	9	12	1	3576648576	3777622768	-2	
17	3	276.000000	9	12	1	3576906336	3777622768	3777622768	
17	4	200.000000	9	12	1	3586346320	3576898864	3576799120	
17	5	8235.000000	9	12	1	3576918336	3576648576	3576648576	
17	6	1205.000000	9	12	1	3796840192	3576648576	3576648576	
17	7	238.000000	9	12	1	3576861920	3576648576	3576648576	
17	8	15176.000000	9	12	1	3586295584	3576648576	3576648576	
17	9	9157.000000	9	12	1	3577020592	3576648576	3576648576	
17	10	9191.000000	9	12	1	3376168560	3576648576	-2	
17	11	12.000000	9	12	1	3576801776	3576906336	3576906336	
17	12	1.000000	9	12	1	3577029280	3576906336	3576906336	
17	13	1.000000	9	12	1	3777152224	3576906336	3576906336	
17	14	1.000000	9	12	1	3586246288	3576906336	-2	
17	15	1.000000	9	12	1	3576658064	3576906336	3576906336	
17	16	1.000000	9	12	1	3576956992	3576906336	3576906336	
17	17	1.000000	9	12	1	3777834752	3576906336	3576906336	
17	18	1.000000	9	12	1	3777439088	3576906336	3576906336	
17	19	1090.000000	9	12	13	3376213472	3576648576	-2	
17	20	1.000000	9	12	13	3376122288	3576648576	3576648576	
17	21	180.000000	9	13	13	3576814640	3576648576	-2	
17	22	9091.000000	9	12	13	3576650800	3576648576	-2	
17	23	1.000000	9	12	13	3586283728	3576906336	-2	
17	24	1.000000	9	12	13	3376128960	3576906336	-2	
18	1	9199.000000	9	12	1	3586295584	3576648576	3576648576	
18	2	1.000000	9	12	1	3377148368	3377922864	-2	
18	3	7210.000000	9	12	1	3777089856	3576918336	3376168560	
18	4	250.000000	9	12	1	3576832032	3586295584	-2	
18	5	235.000000	9	12	1	3577031152	3376168560	3376168560	
18	6	9254.000000	9	12	1	3576896560	3576648576	3576918336	
18	7	9258.000000	9	12	1	3589680896	3576918336	3576918336	
18	8	276.000000	9	12	1	3777760880	3586295584	-2	
18	9	27.000000	9	12	1	3576727904	3576906336	-2	
18	10	1.000000	9	12	1	3576785760	3377148368	3377148368	
18	11	1.000000	9	12	1	3586393968	3377148368	-2	
18	12	267.000000	9	12	1	3586007072	3576650800	3377148368	
18	13	13.000000	9	12	1	3777643248	3576650800	3576650800	
18	14	1.000000	9	13	1	3576661584	3576650800	-2	
18	15	1.000000	9	12	1	3586336048	3377148368	3377148368	
18	16	24.000000	9	12	1	3786905744	3377148368	3576650800	
18	17	40.000000	9	12	1	3576684288	3377148368	3377148368	
18	18	97.000000	9	12	1	3576692912	3377148368	3377148368	
18	19	7164.000000	9	12	1	3576685648	3377148368	-2	
18	20	12.000000	9	12	1	3796571152	3376213472	3576650800	
18	21	1.000000	9	12	1	3576739696	3377148368	3377148368	
18	22	4.000000	9	12	1	3376034256	3377148368	-2	
18	23	1.000000	10	14	15	3577065504	3576650800	3377148368	
18	24	1.000000	9	12	1	3586365584	3377148368	3377148368	
19	1	9188.000000	9	12	1	3589680896	3576918336	3576918336	
19	2	1275.000000	9	12	1	3576787408	3777089856	3777089856	
19	3	7112.000000	10	14	16	3576907200	3576896560	3586007072	
19	4	1139.000000	9	12	1	3375884352	3576692912	-2	
19	5	274.000000	9	12	1	3777399360	3589680896	3777760880	
19	6	16.000000	9	12	1	3376157920	3576685648	-2	
19	7	1.000000	9	12	1	3576899728	3576832032	3586295584	
19	8	7210.000000	9	12	1	3375648944	3576685648	3586007072	
19	9	1238.000000	9	12	1	3376135648	3777089856	3576832032	
19	10	218.000000	9	12	1	3586255488	3377494800	3586295584	
19	11	8.000000	9	12	1	3576845616	3777089856	3586295584	
19	12	8220.000000	9	12	1	3577107760	3577031152	3377494800	
19	13	1018.000000	9	12	1	3376119200	3576685648	3586007072	
19	14	1.000000	9	12	1	3577074992	3586295584	3576684288	
19	15	1.000000	9	12	1	3376252496	3777089856	3576832032	
19	16	8204.000000	9	12	1	3376312496	3576896560	3777760880	
19	17	8232.000000	9	12	1	3376130256	3586295584	-2	
19	18	9227.000000	9	12	1	3376192848	3576685648	3586295584	
19	19	7235.000000	9	12	1	3376314224	3576896560	3576685648	
19	20	151.000000	9	12	1	3577083184	3589680896	-2	
19	21	211.000000	9	12	1	3576728128	3586007072	-2	
19	22	1222.000000	9	12	1	3376309040	3589680896	3589680896	
19	23	16194.000000	9	12	1	3376365312	3777089856	3576896560	
19	24	8231.000000	9	12	1	3376010976	3589680896	3586295584	
20	1	10216.000000	9	12	1	3376365312	3777089856	3576896560	
20	2	1265.000000	10	14	1	3576907200	3576896560	3586007072	
20	3	276.000000	9	12	1	3576696432	3376192848	3589680896	
20	4	251.000000	9	12	1	3585941744	3376130256	3376365312	
20	5	8092.000000	9	12	1	3375908576	3376312496	-2	
20	6	1114.000000	9	12	1	3375726480	3577107760	3376314224	
20	7	128.000000	9	12	1	3586017488	3376314224	-2	
20	8	267.000000	10	14	1	3376038496	3576907200	3576907200	
20	9	7111.000000	10	14	1	3586256640	3576907200	3576907200	
20	10	1.000000	10	14	1	3777212592	3576907200	3576907200	
20	11	1.000000	10	14	1	3576642608	3576907200	3576907200	
20	12	1.000000	10	14	1	3576919632	3576907200	3576907200	
20	13	1.000000	10	14	1	3576774544	3576907200	-2	
20	14	1.000000	10	14	16	3576612144	3576907200	-2	
20	15	8161.000000	10	14	1	3786918672	3576907200	3576907200	
20	16	186.000000	10	14	16	3376242720	3576907200	3576907200	
20	17	1056.000000	10	14	1	3777794080	3576907200	-2	
20	18	8167.000000	10	14	1	3375501344	3576907200	-2	
20	19	14.000000	10	14	16	3376014704	3576907200	-2	
20	20	198.000000	10	14	1	3777647920	3576907200	-2	
20	21	14.000000	10	14	16	3777933776	3576907200	-2	
20	22	9189.000000	10	14	1	3576390816	3576907200	3576907200	
20	23	36.000000	11	16	17	3576644480	3576907200	-2	
20	24	1.000000	10	15	16	3777336480	3576907200	-2	
