1	1	0.384372	0.416395	0.439214	0.470073	0.496201	4	4	4	4	4	3	3	3	3	3
2	1	0.401384	0.415672	0.425403	0.459076	0.495528	4	4	4	4	4	3	3	3	3	3
3	1	0.395926	0.416134	0.427834	0.464829	0.491787	4	4	4	4	4	3	3	3	3	3
4	1	0.379481	0.414419	0.426092	0.460277	0.495029	4	4	4	4	4	3	3	3	3	3
5	1	0.411602	0.423499	0.443467	0.456040	0.491617	4	4	4	4	4	3	3	3	3	3
6	1	0.399982	0.414484	0.420621	0.472052	0.494771	4	4	4	4	4	3	3	3	3	3
7	1	0.414101	0.415866	0.440023	0.456703	0.478113	4	4	4	4	4	3	3	3	3	3
8	1	0.392641	0.413090	0.422307	0.472693	0.496133	4	4	4	4	4	3	3	3	3	3
1	2	0.414514	0.414852	0.427750	0.463574	0.496201	4	4	4	4	4	3	3	3	3	3
2	2	0.404182	0.418881	0.448467	0.472386	0.495528	4	4	4	4	4	3	3	3	3	3
3	2	0.379285	0.418406	0.428468	0.456476	0.498274	4	4	4	4	4	3	3	3	3	3
4	2	0.390688	0.415624	0.439844	0.460905	0.495029	4	4	4	4	4	3	3	3	3	3
5	2	0.405592	0.427290	0.435705	0.456296	0.491617	4	4	4	4	4	3	3	3	3	3
6	2	0.407124	0.421602	0.452109	0.481794	0.494771	4	4	4	4	4	3	3	3	3	3
7	2	0.406948	0.414873	0.421966	0.441458	0.494688	4	4	4	4	4	3	3	3	3	3
8	2	0.380481	0.415983	0.445901	0.467315	0.496133	4	4	4	4	4	3	3	3	3	3
1	3	0.414501	0.414876	0.421897	0.465136	0.496201	4	4	4	4	4	3	3	3	3	3
2	3	0.401813	0.423504	0.451411	0.467863	0.495528	4	4	4	4	4	3	3	3	3	3
3	3	0.398344	0.418729	0.449106	0.477540	0.498274	4	4	4	4	4	3	3	3	3	3
4	3	0.399811	0.415431	0.437882	0.461773	0.495029	4	4	4	4	4	3	3	3	3	3
5	3	0.414515	0.422639	0.433894	0.447817	0.491617	4	4	4	4	4	3	3	3	3	3
6	3	0.407124	0.414652	0.425125	0.470690	0.494771	4	4	4	4	5	3	3	3	3	5
7	3	0.390665	0.414534	0.415320	0.428253	0.494688	4	4	4	4	4	3	3	3	3	3
8	3	0.416846	0.436659	0.449310	0.470458	0.496133	4	4	4	4	4	3	3	3	3	3
1	4	0.414492	0.414939	0.415787	0.453907	0.498274	4	4	4	4	4	3	3	3	3	3
2	4	0.399585	0.417830	0.435047	0.474291	0.496133	4	4	4	4	4	3	3	3	3	3
3	4	0.380197	0.417946	0.432108	0.491358	0.498274	4	4	4	4	4	3	3	3	3	3
4	4	0.406037	0.416426	0.444002	0.463358	0.495029	4	4	4	4	4	3	3	3	3	3
5	4	0.414308	0.425278	0.453265	0.486849	0.494771	4	4	4	4	4	3	3	3	3	3
6	4	0.407124	0.423796	0.453452	0.479555	0.494771	4	4	4	5	5	3	3	3	5	5
7	4	0.404165	0.414347	0.414802	0.424293	0.496133	4	4	4	4	4	3	3	3	3	3
8	4	0.401262	0.437526	0.454620	0.493517	0.497967	4	4	4	4	4	3	3	3	3	3
1	5	0.414514	0.414967	0.442615	0.496201	0.498274	4	4	4	4	5	3	3	3	3	5
2	5	0.391761	0.435047	0.474498	0.486882	0.496133	4	4	4	4	4	3	3	3	3	3
3	5	0.396981	0.419802	0.471454	0.491920	0.499185	4	4	4	4	4	3	3	3	3	3
4	5	0.394079	0.419070	0.435580	0.459607	0.495029	4	4	4	4	4	3	3	3	3	3
5	5	0.414532	0.441008	0.455266	0.492487	0.499185	4	4	4	4	4	3	3	3	3	3
6	5	0.404803	0.423794	0.446497	0.469468	0.494771	4	4	4	4	5	3	3	3	3	5
7	5	0.414224	0.414984	0.431579	0.467371	0.498274	4	4	4	4	4	3	3	3	3	3
8	5	0.386655	0.414537	0.422901	0.487617	0.497967	4	4	4	4	4	3	3	3	3	3
1	6	0.414105	0.447321	0.492645	0.497967	0.498274	4	4	4	4	5	3	3	3	3	5
2	6	0.418087	0.461366	0.475436	0.489591	0.498274	4	4	4	4	4	3	3	3	3	3
3	6	0.404877	0.419803	0.464878	0.495029	0.499185	4	4	4	4	4	3	3	3	3	3
4	6	0.415608	0.427374	0.460311	0.478833	0.495029	4	4	4	4	4	3	3	3	3	3
5	6	0.439155	0.444675	0.481050	0.492777	0.499185	4	4	4	4	4	3	3	3	3	3
6	6	0.388468	0.428630	0.449311	0.492571	0.495029	4	4	4	4	5	3	3	3	3	5
7	6	0.414224	0.415670	0.467371	0.494688	0.498274	4	4	4	4	4	3	3	3	3	3
8	6	0.386655	0.414537	0.449392	0.491148	0.497967	4	4	4	4	4	3	3	3	3	3
1	7	0.384186	0.433418	0.450407	0.492831	0.498274	4	4	4	4	5	3	3	3	3	5
2	7	0.418087	0.447884	0.471481	0.493656	0.498274	4	4	4	4	4	3	3	3	3	3
3	7	0.404877	0.433702	0.472584	0.494817	0.499185	4	4	4	4	4	3	3	3	3	3
4	7	0.414342	0.431691	0.455373	0.471495	0.495029	4	4	4	4	4	3	3	3	3	3
5	7	0.432816	0.451684	0.486849	0.492777	0.499185	4	4	4	4	5	3	3	3	3	5
6	7	0.405896	0.431700	0.446605	0.494771	0.497967	4	4	4	4	5	3	3	3	3	5
7	7	0.414214	0.415466	0.473722	0.494771	0.498274	4	4	4	4	4	3	3	3	3	3
8	7	0.386655	0.422265	0.444967	0.487904	0.497967	4	4	4	4	4	3	3	3	3	3
1	8	0.397362	0.429294	0.461908	0.496843	0.498274	4	4	4	4	5	3	3	3	3	5
2	8	0.399344	0.436023	0.467576	0.488943	0.498274	4	4	4	4	4	3	3	3	3	3
3	8	0.414546	0.432373	0.490825	0.497967	0.499185	4	4	4	4	4	3	3	3	3	3
4	8	0.415885	0.437107	0.460943	0.494756	0.498274	4	4	4	4	4	3	3	3	3	3
5	8	0.411654	0.440051	0.464521	0.486849	0.499185	4	4	4	4	5	3	3	3	3	5
6	8	0.401101	0.435891	0.480862	0.494836	0.497967	4	4	4	4	5	3	3	3	3	5
7	8	0.414224	0.428444	0.467371	0.497967	0.498274	4	4	4	4	4	3	3	3	3	3
8	8	0.414537	0.427705	0.455388	0.496591	0.497967	4	4	4	4	4	3	3	3	3	3
1	9	0.404642	0.449897	0.461908	0.473275	0.498274	4	4	4	5	5	3	3	3	5	5
2	9	0.399344	0.442331	0.471509	0.494895	0.498437	4	4	4	4	5	3	3	3	3	5
3	9	0.414546	0.432348	0.495029	0.498197	0.499185	4	4	4	4	4	3	3	3	3	3
4	9	0.415216	0.423529	0.454858	0.466866	0.498274	4	4	4	4	4	3	3	3	3	3
5	9	0.397243	0.440354	0.455306	0.491295	0.499185	4	4	4	4	5	3	3	3	3	5
6	9	0.385023	0.411740	0.461694	0.490499	0.498274	4	4	4	4	5	3	3	3	3	5
7	9	0.414224	0.416102	0.448387	0.497414	0.498274	4	4	4	4	4	3	3	3	3	3
8	9	0.409445	0.423101	0.437177	0.496591	0.499178	4	4	4	4	4	3	3	3	3	3
1	10	0.414476	0.421886	0.450627	0.486852	0.498274	4	4	4	5	5	3	3	3	5	5
2	10	0.421453	0.427080	0.450903	0.489803	0.498437	4	4	4	5	5	3	3	3	5	5
3	10	0.403224	0.435874	0.495029	0.498044	0.499185	4	4	4	4	5	3	3	3	3	5
4	10	0.414518	0.417522	0.455487	0.473929	0.498274	4	4	4	4	4	3	3	3	3	3
5	10	0.390829	0.430638	0.460461	0.483695	0.499185	4	4	4	4	5	3	3	3	3	5
6	10	0.396239	0.405896	0.456259	0.488505	0.498274	4	4	4	4	5	3	3	3	3	5
7	10	0.414281	0.414918	0.431652	0.497353	0.498274	4	4	4	4	4	3	3	3	3	3
8	10	0.408853	0.421542	0.453945	0.496133	0.499178	4	4	4	4	4	3	3	3	3	3
1	11	0.414476	0.443788	0.461908	0.497967	0.499198	4	4	4	4	5	3	3	3	3	5
2	11	0.384675	0.427074	0.455633	0.471458	0.498437	4	4	4	5	5	3	3	3	5	5
3	11	0.407189	0.436664	0.492828	0.498946	0.499417	4	4	4	4	5	3	3	3	3	5
4	11	0.414518	0.419849	0.457427	0.473929	0.499185	4	4	4	4	4	3	3	3	3	3
5	11	0.403614	0.426239	0.441434	0.471992	0.499572	4	4	4	5	5	3	3	3	5	5
6	11	0.396239	0.433158	0.480912	0.496094	0.498274	4	4	4	4	5	3	3	3	3	5
7	11	0.414281	0.414918	0.460708	0.482879	0.498274	4	4	4	4	4	3	3	3	3	3
8	11	0.416286	0.428601	0.472911	0.498669	0.499572	4	4	4	4	4	3	3	3	3	3
1	12	0.403998	0.461921	0.497733	0.498740	0.499417	4	4	4	5	5	3	3	3	5	5
2	12	0.415309	0.427081	0.468571	0.498274	0.498437	4	4	4	5	5	3	3	3	5	5
3	12	0.414865	0.444330	0.486673	0.498437	0.499417	4	4	4	4	5	3	3	3	3	5
4	12	0.414518	0.437736	0.457427	0.495029	0.499417	4	4	4	4	5	3	3	3	3	5
5	12	0.392645	0.426735	0.471992	0.498437	0.499572	4	4	4	4	5	3	3	3	3	5
6	12	0.391256	0.433815	0.475493	0.493131	0.499185	4	4	4	4	5	3	3	3	3	5
7	12	0.414227	0.418984	0.462657	0.496360	0.498274	4	4	4	4	4	3	3	3	3	3
8	12	0.380872	0.421621	0.490264	0.499178	0.499572	4	4	4	4	4	3	3	3	3	3
1	13	0.403998	0.445466	0.472859	0.498513	0.499572	4	4	4	4	5	3	3	3	3	5
2	13	0.401766	0.424447	0.459050	0.498274	0.498437	4	4	4	5	5	3	3	3	5	5
3	13	0.414854	0.428681	0.495029	0.498946	0.499417	4	4	4	4	5	3	3	3	3	5
4	13	0.415322	0.429901	0.455487	0.495029	0.499419	4	4	4	4	5	3	3	3	3	5
5	13	0.412567	0.447197	0.480527	0.499419	0.499572	4	4	4	5	5	3	3	3	5	5
6	13	0.383689	0.436489	0.480744	0.498274	0.499185	4	4	4	4	5	3	3	3	3	5
7	13	0.414227	0.421810	0.494164	0.498197	0.499417	4	4	4	4	5	3	3	3	3	5
8	13	0.414467	0.457238	0.483358	0.496282	0.499572	4	4	4	4	4	3	3	3	3	3
1	14	0.414213	0.426531	0.470570	0.497967	0.499572	4	4	4	5	5	3	3	3	5	5
2	14	0.415309	0.453521	0.472092	0.495521	0.499231	4	4	4	5	5	3	3	3	5	5
3	14	0.418659	0.453772	0.495798	0.499180	0.499417	4	4	4	4	5	3	3	3	3	5
4	14	0.416139	0.449068	0.489253	0.499417	0.499572	4	4	4	4	5	3	3	3	3	5
5	14	0.427420	0.454269	0.472326	0.499244	0.499572	4	4	4	5	5	3	3	3	5	5
6	14	0.384608	0.446347	0.486058	0.497967	0.499185	4	4	4	4	5	3	3	3	3	5
7	14	0.411036	0.426579	0.462657	0.498121	0.499417	4	4	4	4	5	3	3	3	4	5
8	14	0.414245	0.459910	0.484112	0.499357	0.499572	4	4	4	4	5	3	3	3	3	5
1	15	0.414213	0.432863	0.468678	0.499301	0.499572	4	4	5	5	5	3	3	5	5	5
2	15	0.376809	0.454137	0.477493	0.499033	0.499417	4	4	5	5	5	3	3	5	5	5
3	15	0.409625	0.442136	0.471075	0.499178	0.499417	4	4	4	5	5	3	3	3	5	5
4	15	0.390261	0.433657	0.489581	0.499010	0.499977	4	4	4	4	5	3	3	3	3	5
5	15	0.422772	0.456253	0.472020	0.499244	0.499572	4	4	4	5	5	3	3	3	5	5
6	15	0.414567	0.445316	0.487011	0.498958	0.499417	4	4	4	5	5	3	3	3	5	5
7	15	0.406266	0.416073	0.463256	0.498044	0.499417	4	4	4	4	5	3	3	3	3	5
8	15	0.420556	0.446660	0.484112	0.497951	0.499572	4	4	4	5	5	3	3	3	5	5
1	16	0.417723	0.470097	0.476226	0.499417	0.499572	4	4	4	5	5	3	3	4	5	5
2	16	0.429047	0.454937	0.483435	0.490998	0.499417	4	4	4	5	5	3	3	4	5	5
3	16	0.409625	0.444330	0.454674	0.499178	0.499417	4	4	4	5	5	3	3	3	5	5
4	16	0.416129	0.475398	0.491720	0.499075	0.499977	4	4	4	4	5	3	3	3	3	5
5	16	0.417096	0.458547	0.472326	0.499419	0.499836	4	4	5	5	5	3	3	5	5	5
6	16	0.418594	0.462166	0.481748	0.488433	0.499417	4	4	4	4	5	3	3	3	3	5
7	16	0.414830	0.449782	0.490360	0.498846	0.499836	4	4	4	4	5	3	3	3	3	5
8	16	0.423963	0.461465	0.484438	0.499417	0.499572	4	4	4	5	5	3	3	4	5	5
1	17	0.450226	0.465028	0.496809	0.499417	0.499572	4	4	4	5	5	3	3	3	5	5
2	17	0.420401	0.441635	0.475656	0.498636	0.499417	4	4	5	5	6	3	3	5	5	7
3	17	0.397631	0.445432	0.472176	0.499243	0.499836	4	4	4	4	5	3	3	3	3	5
4	17	0.397542	0.475398	0.499185	0.499419	0.499977	4	4	4	4	5	3	3	3	3	5
5	17	0.419988	0.472326	0.499417	0.499421	0.499836	4	4	5	5	5	3	3	5	5	5
6	17	0.414395	0.447527	0.481748	0.499356	0.499572	4	4	4	5	5	3	3	3	5	5
7	17	0.416458	0.458058	0.472014	0.499417	0.499836	4	4	4	5	5	3	3	3	5	5
8	17	0.422060	0.456907	0.474033	0.497951	0.499572	4	4	4	5	5	3	3	3	5	5
1	18	0.397750	0.452663	0.477957	0.499121	0.499572	4	4	4	5	5	3	3	3	5	5
2	18	0.405952	0.465217	0.479308	0.496018	0.499417	4	5	5	5	6	3	5	5	5	7
3	18	0.421008	0.440143	0.460211	0.498996	0.499977	4	4	4	4	5	3	3	3	3	5
4	18	0.413915	0.463338	0.491720	0.499293	0.499977	4	4	4	4	5	3	3	3	3	5
5	18	0.415825	0.458547	0.479834	0.499420	0.499836	4	4	5	5	5	3	3	5	5	5
6	18	0.422555	0.451344	0.472528	0.499356	0.499572	4	4	5	5	5	3	3	5	5	6
7	18	0.416458	0.459565	0.476808	0.499731	0.499977	4	4	4	4	5	3	3	3	3	5
8	18	0.427283	0.443325	0.471075	0.499378	0.499572	4	4	4	5	5	3	3	3	5	5
1	19	0.397750	0.450144	0.476263	0.495289	0.499572	4	4	4	5	5	3	3	3	5	5
2	19	0.429169	0.467242	0.479397	0.496018	0.499417	4	4	5	5	6	3	3	5	5	7
3	19	0.413921	0.434535	0.453544	0.473278	0.499836	4	4	4	4	5	3	3	3	3	5
4	19	0.428380	0.475398	0.494955	0.499324	0.499977	4	4	4	4	5	3	3	3	3	5
5	19	0.426508	0.457866	0.472358	0.499417	0.499836	4	4	5	5	5	3	3	5	5	5
6	19	0.422607	0.459519	0.487532	0.499417	0.499977	4	4	5	5	5	3	3	5	5	5
7	19	0.416457	0.458134	0.498274	0.499836	0.499977	4	4	4	4	5	3	3	3	3	5
8	19	0.425479	0.440474	0.477505	0.497463	0.499629	4	4	4	5	5	3	3	3	5	5
1	20	0.396213	0.449897	0.465699	0.499099	0.499572	4	4	4	5	5	3	3	3	5	5
2	20	0.415382	0.447740	0.479397	0.496018	0.499417	4	4	5	6	6	3	4	5	7	7
3	20	0.413921	0.441906	0.453517	0.475797	0.499836	4	4	4	4	5	3	3	3	4	5
4	20	0.426021	0.461779	0.478950	0.499300	0.499977	4	4	4	4	5	3	3	3	3	5
5	20	0.416095	0.453592	0.469070	0.499289	0.499836	4	4	4	5	5	3	3	4	5	5
6	20	0.422529	0.460687	0.487410	0.498136	0.499977	4	4	5	5	5	3	3	5	5	5
7	20	0.416457	0.452821	0.498274	0.499836	0.499977	4	4	4	4	6	3	3	3	3	7
8	20	0.400693	0.430500	0.459578	0.497463	0.499629	4	4	4	5	5	3	3	3	5	5
1	21	0.415076	0.451485	0.483309	0.499197	0.499572	4	4	4	5	5	3	3	3	5	5
2	21	0.402942	0.449153	0.469351	0.494993	0.499417	4	5	5	5	6	3	5	5	5	7
3	21	0.415058	0.440143	0.460168	0.476637	0.499836	4	4	4	4	5	3	3	3	3	5
4	21	0.414742	0.474124	0.497347	0.499629	0.499977	4	4	4	4	5	3	3	3	3	5
5	21	0.403363	0.458547	0.488575	0.499418	0.499836	4	4	5	5	5	3	3	5	5	5
6	21	0.426339	0.449578	0.487607	0.499417	0.499977	4	4	4	5	5	3	3	3	5	5
7	21	0.416457	0.450388	0.471835	0.499522	0.499977	4	4	4	5	6	3	3	3	5	7
8	21	0.416791	0.430500	0.475309	0.499417	0.499629	4	4	5	5	5	3	3	5	5	5
1	22	0.414599	0.450450	0.485239	0.499277	0.499572	4	4	4	5	5	3	3	3	5	5
2	22	0.407537	0.439296	0.470037	0.484901	0.499417	4	5	5	5	6	3	5	5	5	7
3	22	0.412774	0.443101	0.473278	0.477119	0.499836	4	4	4	4	5	3	3	3	3	5
4	22	0.392854	0.493738	0.499256	0.499836	0.499977	4	4	4	4	5	3	3	3	3	5
5	22	0.403363	0.449561	0.482837	0.499474	0.499836	4	4	5	5	5	3	3	5	5	5
6	22	0.421996	0.435083	0.487607	0.499417	0.499977	4	4	4	5	5	3	3	3	5	5
7	22	0.410353	0.450990	0.471833	0.499548	0.499977	4	4	4	5	6	3	3	3	5	7
8	22	0.419341	0.435484	0.468767	0.492052	0.499629	4	5	5	5	5	3	5	5	5	5
1	23	0.414599	0.429575	0.453475	0.499099	0.499572	4	4	4	5	5	3	3	3	5	5
2	23	0.407537	0.455780	0.471511	0.480049	0.499417	4	5	5	5	6	3	5	5	5	7
3	23	0.410805	0.460168	0.476079	0.489970	0.499836	4	4	4	4	5	3	3	3	3	5
4	23	0.390786	0.459930	0.495341	0.499629	0.499977	4	4	4	4	5	3	3	3	3	6
5	23	0.419278	0.451432	0.473152	0.499417	0.499836	4	5	5	5	5	3	5	5	5	5
6	23	0.421425	0.432236	0.449576	0.497587	0.499977	4	4	5	5	5	3	3	5	5	5
7	23	0.410369	0.456379	0.471530	0.499629	0.499977	4	4	4	5	6	3	3	3	5	7
8	23	0.423978	0.444633	0.489154	0.499629	0.499977	4	4	5	5	5	3	3	5	5	5
1	24	0.415076	0.429575	0.494666	0.499231	0.499572	4	4	5	5	5	3	3	5	5	5
2	24	0.391144	0.449153	0.472135	0.494993	0.499836	4	5	5	5	6	3	5	5	5	7
3	24	0.410805	0.459847	0.473418	0.497394	0.499836	4	4	4	4	5	3	3	3	3	5
4	24	0.378050	0.462198	0.494822	0.499525	0.499977	4	4	4	5	5	3	3	3	5	6
5	24	0.419264	0.445237	0.478027	0.499418	0.499836	4	5	5	5	5	3	5	5	5	5
6	24	0.404773	0.434991	0.452254	0.497587	0.499977	4	4	4	5	5	3	3	3	5	5
7	24	0.419247	0.466571	0.492130	0.499977	0.499977	4	4	4	4	6	3	3	3	3	7
8	24	0.429292	0.462287	0.497725	0.499417	0.499977	4	5	5	5	5	3	5	5	5	5
1	25	0.415191	0.420138	0.464034	0.499132	0.499572	4	4	5	5	5	3	3	5	5	5
2	25	0.411769	0.449153	0.471987	0.499836	0.499977	4	4	5	5	6	3	3	5	5	7
3	25	0.404148	0.427463	0.478203	0.499731	0.500000	4	4	4	4	5	3	3	3	3	5
4	25	0.416537	0.476056	0.499231	0.499836	0.499977	4	4	4	5	5	3	3	3	5	6
5	25	0.419278	0.455064	0.486145	0.499422	0.499836	4	5	5	5	5	3	5	5	5	5
6	25	0.404773	0.437854	0.449897	0.487607	0.499977	4	4	4	5	5	3	3	3	5	5
7	25	0.418215	0.460956	0.488505	0.499836	0.499977	4	4	4	4	6	3	3	3	3	7
8	25	0.416145	0.465854	0.483619	0.499318	0.499977	4	4	5	5	6	3	3	5	5	7
1	26	0.415191	0.420593	0.451308	0.499099	0.499977	4	4	5	5	5	3	3	5	5	5
2	26	0.411769	0.457452	0.487850	0.499426	0.499977	4	5	5	5	6	3	5	5	5	7
3	26	0.410805	0.444374	0.473278	0.495371	0.500000	4	4	4	4	5	3	3	3	3	5
4	26	0.414637	0.457720	0.480948	0.499525	0.499977	4	4	4	5	5	3	3	4	5	6
5	26	0.419278	0.453730	0.473166	0.499422	0.499836	4	5	5	5	5	3	5	5	5	5
6	26	0.414922	0.435119	0.448118	0.492845	0.499977	4	4	5	5	5	3	3	5	5	5
7	26	0.419205	0.463733	0.499426	0.499426	0.499977	4	4	5	5	6	3	3	5	5	7
8	26	0.415511	0.438762	0.482941	0.499421	0.499977	4	4	5	5	6	3	3	5	5	7
1	27	0.413853	0.416378	0.433128	0.470947	0.499977	4	4	4	5	5	3	3	4	5	6
2	27	0.415114	0.466097	0.477331	0.499701	0.499977	4	4	5	5	6	3	3	5	5	7
3	27	0.410805	0.438568	0.479545	0.491269	0.500000	4	4	4	4	5	3	3	3	3	5
4	27	0.414210	0.458668	0.478265	0.499421	0.500000	4	4	4	5	5	3	3	3	5	6
5	27	0.419212	0.461551	0.473498	0.499527	0.500000	4	4	5	5	5	3	4	5	5	5
6	27	0.419089	0.438477	0.467411	0.499417	0.499977	4	4	5	5	5	3	3	5	5	5
7	27	0.417023	0.422400	0.451501	0.498562	0.499977	4	4	4	5	6	3	3	3	5	7
8	27	0.393554	0.423470	0.482941	0.499977	0.500000	4	4	5	5	6	3	3	5	5	7
1	28	0.414689	0.428165	0.465965	0.499977	0.499977	4	4	4	5	5	3	3	3	5	6
2	28	0.414526	0.460216	0.491324	0.499954	0.499977	4	4	5	5	6	3	3	5	5	7
3	28	0.402866	0.421804	0.470092	0.492757	0.500000	4	4	4	4	5	3	3	3	3	5
4	28	0.414002	0.441511	0.486726	0.498099	0.500000	4	4	5	5	5	3	3	5	6	6
5	28	0.415656	0.463992	0.496386	0.499977	0.500000	4	4	5	5	5	3	3	5	5	5
6	28	0.414811	0.426005	0.449897	0.499417	0.499977	4	4	5	5	5	3	3	5	5	5
7	28	0.419205	0.430460	0.453233	0.499631	0.500000	4	4	4	5	6	3	3	3	5	7
8	28	0.393554	0.438883	0.482941	0.499701	0.500000	4	4	5	5	6	3	3	5	5	7
1	29	0.414965	0.427684	0.443452	0.496848	0.500000	4	4	4	5	5	3	3	3	5	6
2	29	0.414444	0.461726	0.495454	0.499426	0.500000	4	4	5	5	6	3	3	5	5	7
3	29	0.407889	0.437606	0.469005	0.491830	0.500000	4	4	4	5	5	3	3	4	5	5
4	29	0.414002	0.441719	0.470979	0.498099	0.500000	4	4	5	5	5	3	3	5	6	6
5	29	0.419239	0.437702	0.474828	0.499977	0.500000	4	4	5	5	6	3	3	5	5	7
