1	1	1050.000000	8	12	1	3891995088	-1	-1	
1	2	151.000000	8	12	1	3797821504	-1	-1	
1	3	171.000000	8	12	1	3797822800	-1	-1	
1	4	71.000000	8	12	1	3797839328	-1	-1	
1	5	1.000000	8	12	1	3797848960	-1	-1	
1	6	36.000000	8	12	1	3797834944	-1	-1	
2	1	7001.000000	8	12	1	3796803472	-1	-1	
2	2	257.000000	8	12	1	3797765312	3797822800	3797822800	
2	3	223.000000	8	12	1	3798155296	3797822800	3797822800	
2	4	64.000000	8	12	1	3797750368	3796803472	3796803472	
2	5	176.000000	8	12	1	3797751088	3796803472	3797822800	
2	6	1049.000000	8	12	1	3798187200	3891995088	-2	
3	1	4.000000	8	12	1	3796803472	-1	-1	
3	2	1.000000	8	12	1	3797093712	3796803472	3796803472	
3	3	7205.000000	8	12	1	3798121456	3796803472	3798187200	
3	4	38.000000	8	12	1	3797452224	3796803472	-2	
3	5	1.000000	8	12	1	3797772720	3796803472	3796803472	
3	6	1.000000	8	12	1	3797830352	3798187200	-2	
4	1	1.000000	8	12	1	3798121456	3796803472	3798187200	
4	2	1.000000	8	12	1	3797490880	3798121456	3796803472	
4	3	4.000000	8	12	1	3797826464	3798121456	3798121456	
4	4	1.000000	8	12	1	3797829264	3796803472	-2	
4	5	1.000000	8	12	1	3797830784	3798121456	3796803472	
4	6	1.000000	8	12	1	3797722128	3798121456	3796803472	
5	1	1.000000	8	12	1	3796803472	-1	-1	
5	2	1.000000	8	12	1	3797399904	3797826464	-2	
5	3	1.000000	8	12	1	3797046496	3797826464	3796803472	
5	4	1.000000	8	12	1	3797431664	3797826464	-2	
5	5	1.000000	8	12	1	3797644160	3797826464	-2	
5	6	1.000000	8	12	1	3797048224	3796803472	3798121456	
6	1	42.000000	8	12	1	3795444960	3796803472	3796803472	
6	2	1.000000	8	12	1	3797434688	3796803472	3795444960	
6	3	1.000000	8	12	2	3797407744	3797046496	-2	
6	4	66.000000	8	12	1	3797125040	3797399904	-2	
6	5	44.000000	8	12	1	3797421536	3795444960	3795444960	
6	6	81.000000	8	12	1	3797076832	3796803472	3795444960	
7	1	55.000000	8	12	1	3795645168	3796803472	3795444960	
7	2	38.000000	8	12	1	3796956752	3795645168	3797076832	
7	3	1.000000	8	12	1	3797423328	3795645168	-2	
7	4	5.000000	8	12	1	3797400480	3795645168	3797125040	
7	5	14.000000	8	12	1	3797754032	3797076832	-2	
7	6	82.000000	9	14	3	3797037520	3797125040	-2	
8	1	185.000000	8	12	1	3796043776	3796222128	-2	
8	2	33.000000	8	12	1	3797534144	3795645168	3796956752	
8	3	1.000000	8	12	1	3797535296	3796956752	3795645168	
8	4	1.000000	8	12	1	3797816048	3796043776	3795645168	
8	5	109.000000	8	12	1	3797812880	3796043776	-2	
8	6	75.000000	9	14	3	3797037520	3797125040	-2	
9	1	167.000000	8	12	1	3796043776	3796222128	-2	
9	2	241.000000	8	12	1	3797094144	3796043776	-2	
9	3	203.000000	8	12	1	3797043264	3796043776	3796043776	
9	4	179.000000	8	12	1	3654615360	3796043776	3796043776	
9	5	83.000000	8	12	1	3797462496	3797812880	-2	
9	6	91.000000	8	12	1	3797826256	3796043776	-2	
10	1	1176.000000	8	12	1	3795600752	3795845152	3795845152	
10	2	1.000000	8	12	1	3654940736	3795600752	3795600752	
10	3	107.000000	8	12	1	3797393440	3795600752	3797043264	
10	4	1.000000	9	14	4	3654943184	3797094144	3795600752	
10	5	154.000000	8	12	1	3654943472	3797094144	3797094144	
10	6	276.000000	8	12	1	3797442592	3797094144	3797094144	
11	1	48.000000	8	12	1	3795600752	3795845152	3795845152	
11	2	1.000000	8	12	1	3654744704	3795600752	3795600752	
11	3	1.000000	8	12	6	3799684032	3795859520	-2	
11	4	1.000000	8	12	6	3797137120	3799684032	-2	
11	5	1.000000	8	12	6	3797298368	3799684032	-2	
11	6	1.000000	8	12	6	3797076688	3799684032	3799684032	
12	1	1.000000	8	12	1	3795600752	3795845152	3795845152	
12	2	1.000000	8	12	1	3796980752	3795600752	-2	
12	3	187.000000	8	12	1	3797954880	3795600752	3795600752	
12	4	40.000000	8	12	1	3797451504	3795600752	-2	
12	5	1.000000	8	12	1	3798234992	3795600752	3795600752	
12	6	240.000000	8	12	1	3797531840	3795600752	-2	
13	1	258.000000	8	12	1	3797531840	3795600752	-2	
13	2	258.000000	8	12	8	3655071808	3797954880	3797451504	
13	3	228.000000	8	12	1	3654785168	3786879152	-2	
13	4	252.000000	8	12	1	3786879152	3796015104	-2	
13	5	275.000000	8	12	1	3655018784	3786879152	-2	
13	6	275.000000	8	12	1	3654780848	3786879152	3786879152	
14	1	274.000000	8	12	1	3655018784	3786879152	-2	
14	2	275.000000	8	12	1	3655499376	3655018784	3654780848	
14	3	254.000000	8	12	9	3796570144	3796043776	3800085872	
14	4	276.000000	8	12	9	3797814608	3796570144	-2	
14	5	128.000000	8	12	9	3798241888	3796570144	3796570144	
14	6	82.000000	8	12	9	3798157600	3796570144	-2	
15	1	50.000000	8	12	1	3655499376	3655018784	3654780848	
15	2	274.000000	8	12	1	3797735856	3655499376	-2	
15	3	250.000000	8	12	9	3797814608	3796570144	-2	
15	4	8179.000000	8	12	11	3796900272	3795600752	-2	
15	5	275.000000	8	12	9	3512264768	3797814608	3797814608	
15	6	265.000000	8	12	9	3655046448	3797814608	3797814608	
16	1	231.000000	8	12	1	3797735856	3655499376	-2	
16	2	199.000000	8	12	9	3796166144	3796570144	-2	
16	3	1140.000000	8	12	9	3796900272	3795600752	-2	
16	4	1.000000	8	12	9	3797642864	3796900272	3796900272	
16	5	212.000000	8	12	9	3797373824	3796900272	3796900272	
16	6	55.000000	8	12	9	3797735136	3796900272	-2	
17	1	7223.000000	8	12	1	3797735856	3655499376	-2	
17	2	1113.000000	8	12	9	3796900272	3795600752	-2	
17	3	215.000000	8	12	9	3512302208	3796900272	-2	
17	4	8258.000000	8	12	9	3797256400	3796900272	-2	
17	5	5.000000	8	12	9	3654771296	3796900272	-2	
17	6	16.000000	8	12	9	3787064336	3786648480	-2	
18	1	1.000000	8	12	1	3797735856	3655499376	-2	
18	2	1.000000	8	12	1	3512384208	3797735856	3797735856	
18	3	7177.000000	8	12	1	3797812816	3797735856	-2	
18	4	221.000000	8	12	1	3797243968	3797735856	3797735856	
18	5	47.000000	8	12	1	3654717040	3797735856	-2	
18	6	1254.000000	8	12	9	3797256400	3796900272	-2	
19	1	7209.000000	8	12	1	3797812816	3797735856	-2	
19	2	206.000000	8	12	1	3654806432	3797812816	-2	
19	3	210.000000	8	12	1	3655080576	3797812816	3797812816	
19	4	8240.000000	8	12	1	3797813312	3797812816	3797243968	
19	5	1267.000000	8	12	9	3797256400	3796900272	-2	
19	6	13.000000	8	12	1	3654640080	3786633536	-2	
20	1	8212.000000	8	12	1	3797813312	3797812816	3797243968	
20	2	247.000000	8	12	1	3654764976	3797813312	-2	
20	3	8222.000000	8	12	1	3797135824	3797813312	3797813312	
20	4	254.000000	8	12	1	3654774672	3797812816	-2	
20	5	61.000000	8	12	1	3777395264	3796900272	-2	
20	6	1.000000	8	12	1	3797134672	3777395264	3777395264	
