1	1	15.000000	8	12	1	3890646784	-1	-1	
1	2	1.000000	8	12	1	3796395808	-1	-1	
1	3	156.000000	8	12	1	3796398688	-1	-1	
1	4	71.000000	8	12	1	3796499008	-1	-1	
1	5	1.000000	8	12	1	3796382944	-1	-1	
1	6	1.000000	8	12	1	3796397536	-1	-1	
2	1	232.000000	8	12	1	3796122960	-1	-1	
2	2	168.000000	8	12	1	3795627056	3796122960	3796499008	
2	3	129.000000	8	12	1	3795638704	3796499008	3796122960	
2	4	272.000000	8	12	1	3796122672	3796122960	3796122960	
2	5	8162.000000	8	12	1	3796442736	3796499008	3796398688	
2	6	31.000000	8	12	1	3795648400	3796122960	3796499008	
3	1	145.000000	8	12	1	3796442736	3796499008	3796398688	
3	2	231.000000	8	12	1	3795847376	3796442736	3796122672	
3	3	112.000000	8	12	1	3795759856	3796442736	-2	
3	4	268.000000	8	12	1	3796452576	3796122672	3796442736	
3	5	184.000000	8	12	1	3795650416	3796442736	3796442736	
3	6	152.000000	8	12	1	3795657312	3796122672	3796122672	
4	1	1216.000000	8	12	1	3795835808	3890437536	3796122960	
4	2	223.000000	8	12	1	3796028320	3796452576	3795847376	
4	3	24.000000	8	12	1	3795657808	3796452576	-2	
4	4	24.000000	8	12	1	3795776880	3795835808	3795835808	
4	5	1.000000	8	12	1	3796397536	3795835808	-2	
4	6	115.000000	8	12	1	3796137696	3796452576	3795835808	
5	1	59.000000	8	12	1	3795835808	3890437536	3796122960	
5	2	1.000000	8	12	1	3795733120	3795835808	3796564544	
5	3	30.000000	8	12	1	3795735280	3796564544	3795835808	
5	4	216.000000	8	12	1	3795644448	3795835808	3795835808	
5	5	89.000000	8	12	1	3795734416	3796028320	3795835808	
5	6	9.000000	8	12	1	3795641280	3795835808	3796028320	
6	1	219.000000	8	12	1	3795644448	3795835808	3795835808	
6	2	203.000000	8	12	1	3796196192	3795644448	3795835808	
6	3	8170.000000	8	12	2	3796741248	3796748496	-2	
6	4	1236.000000	8	12	2	3796102336	3796741248	3796741248	
6	5	230.000000	8	12	2	3796443456	3796741248	3796741248	
6	6	251.000000	8	12	2	3795749072	3796741248	3796741248	
7	1	237.000000	8	12	1	3795644448	3795835808	3795835808	
7	2	190.000000	8	12	2	3796741248	3796748496	-2	
7	3	262.000000	8	12	2	3795823808	3796741248	3796442736	
7	4	269.000000	8	12	2	3796122960	3796442736	-2	
7	5	256.000000	8	12	2	3796223568	3796741248	3796442736	
7	6	8198.000000	8	12	2	3795745408	3796741248	3796741248	
8	1	92.000000	8	12	1	3795644448	3795835808	3795835808	
8	2	225.000000	8	12	2	3795745408	3796741248	3796741248	
8	3	1188.000000	8	12	2	3796317920	3795745408	-2	
8	4	162.000000	8	12	2	3796284720	3795745408	3795745408	
8	5	233.000000	8	12	2	3796282128	3795745408	-2	
8	6	4.000000	8	12	2	3796472480	3795745408	3797163424	
9	1	229.000000	8	12	1	3795644448	3795835808	3795835808	
9	2	112.000000	8	12	2	3796243616	3797163424	-2	
9	3	221.000000	8	12	2	3796212208	3796243616	3796317920	
9	4	3.000000	8	12	2	3796250368	3796243616	3796243616	
9	5	241.000000	8	12	2	3796250800	3796243616	-2	
9	6	4.000000	8	12	2	3796207328	3796317920	-2	
10	1	229.000000	8	12	1	3795644448	3795835808	3795835808	
10	2	276.000000	8	12	2	3796250800	3796243616	-2	
10	3	276.000000	9	14	3	3796791760	3795251088	3795251088	
10	4	8230.000000	9	14	3	3787487008	3796791760	3796791760	
10	5	158.000000	9	14	3	3786968400	3796791760	3796791760	
10	6	242.000000	9	14	3	3777574480	3796791760	3796791760	
11	1	231.000000	8	12	1	3795644448	3795835808	3795835808	
11	2	163.000000	9	14	3	3787487008	3796791760	3796791760	
11	3	269.000000	9	14	3	3786683408	3787487008	-2	
11	4	16.000000	9	14	3	3795961712	3787487008	-2	
11	5	7170.000000	9	14	3	3787071808	3787487008	3787487008	
11	6	276.000000	9	14	3	3777602640	3787487008	-2	
12	1	211.000000	8	12	1	3795644448	3795835808	3795835808	
12	2	264.000000	8	12	1	3795995840	3795589616	-2	
12	3	1238.000000	9	14	3	3787071808	3787487008	3787487008	
12	4	154.000000	8	12	1	3795589616	3795745408	3795745408	
12	5	16190.000000	8	12	1	3796276240	3795589616	3795589616	
12	6	252.000000	8	12	1	3796586384	3795589616	-2	
13	1	138.000000	8	12	1	3796276240	3795589616	3795589616	
13	2	7140.000000	8	12	1	3795881728	3796616992	3796276240	
13	3	1232.000000	8	12	1	3796215664	3796616992	3796616992	
13	4	7161.000000	8	12	1	3795846080	3796276240	3796276240	
13	5	267.000000	8	12	1	3795850976	3796276240	-2	
13	6	1215.000000	9	14	3	3787071808	3787487008	3787487008	
14	1	7132.000000	8	12	1	3795846080	3796276240	3796276240	
14	2	1229.000000	8	12	1	3795832720	3795881728	3795846080	
14	3	7145.000000	9	14	3	3787071808	3787487008	3787487008	
14	4	10232.000000	9	15	5	3787519056	3796705168	3796705168	
14	5	1156.000000	9	15	5	3786646976	3787519056	3787519056	
14	6	7000.000000	9	15	5	3796433184	3787519056	-2	
15	1	1223.000000	8	12	1	3795846080	3796276240	3796276240	
15	2	8191.000000	9	14	3	3787071808	3787487008	3787487008	
15	3	276.000000	9	14	3	3786771072	3787071808	3787071808	
15	4	98.000000	9	15	5	3787519056	3796705168	3796705168	
15	5	1.000000	9	16	5	3786805568	3787519056	-2	
15	6	1.000000	9	15	5	3795914352	3787519056	3787519056	
16	1	8182.000000	8	12	1	3795846080	3796276240	3796276240	
16	2	7174.000000	8	12	1	3796549952	3795846080	3795846080	
16	3	1216.000000	9	15	3	3787519056	3796705168	3796705168	
16	4	7010.000000	9	15	3	3795849104	3787519056	3787519056	
16	5	1240.000000	9	15	3	3796134464	3787519056	-2	
16	6	7119.000000	9	15	3	3787532928	3787519056	3787519056	
17	1	1220.000000	8	12	1	3795846080	3796276240	3796276240	
17	2	8209.000000	8	12	1	3787212000	3795846080	3795846080	
17	3	2.000000	9	15	3	3787532928	3787519056	3787519056	
17	4	8164.000000	9	14	3	3777729696	3795846080	-2	
17	5	2.000000	9	15	6	3787519056	3796705168	3796705168	
17	6	1.000000	9	15	6	3795645456	3787519056	-2	
18	1	8192.000000	8	12	1	3787212000	3795846080	3795846080	
18	2	125.000000	9	14	7	3777729696	3795846080	-2	
18	3	146.000000	8	12	1	3786625056	3787212000	3787212000	
18	4	8188.000000	8	12	1	3787111184	3787212000	3787212000	
18	5	1.000000	8	12	1	3787110608	3787212000	-2	
18	6	10.000000	8	12	1	3777656832	3787212000	-2	
19	1	8220.000000	8	12	1	3787212000	3795846080	3795846080	
19	2	208.000000	8	12	1	3786721856	3787212000	3787212000	
19	3	172.000000	8	12	1	3777702960	3787111184	3787212000	
19	4	7008.000000	9	15	7	3796743184	3787519056	-2	
19	5	1.000000	9	15	7	3777753120	3796743184	3796743184	
19	6	1.000000	9	15	7	3777711152	3796743184	3796743184	
20	1	1220.000000	8	12	1	3787212000	3795846080	3795846080	
20	2	127.000000	8	12	1	3796555552	3787212000	3787212000	
20	3	147.000000	8	12	1	3787228672	3787212000	-2	
20	4	8251.000000	9	14	7	3787275744	3787071808	3796743184	
20	5	7142.000000	9	14	7	3795999216	3787275744	3787275744	
20	6	218.000000	9	14	7	3787095376	3787275744	-2	
