1	1	0.385117	0.414550	0.424644	0.436140	0.489267	5	5	5	5	5	6	6	6	6	6
2	1	0.413732	0.414917	0.419595	0.447232	0.498165	5	5	5	5	5	6	6	6	6	6
3	1	0.380336	0.416345	0.433504	0.447759	0.489012	5	5	5	5	5	6	6	6	6	6
4	1	0.385220	0.414925	0.422135	0.439782	0.475085	5	5	5	5	5	6	6	6	6	6
1	2	0.401121	0.419866	0.432484	0.442081	0.489267	5	5	5	5	6	6	6	6	6	8
2	2	0.383585	0.423648	0.437857	0.464985	0.498295	5	5	5	5	5	6	6	6	6	6
3	2	0.404767	0.435147	0.450992	0.472096	0.489012	5	5	5	5	6	6	6	6	6	8
4	2	0.392252	0.427918	0.439853	0.464791	0.489163	5	5	5	5	6	6	6	6	6	8
1	3	0.419217	0.440974	0.441841	0.444662	0.498165	5	5	5	6	6	6	6	6	8	9
2	3	0.417747	0.443621	0.467757	0.490704	0.498295	5	5	5	5	6	6	6	6	6	8
3	3	0.405092	0.405092	0.452804	0.471090	0.489012	5	5	5	6	6	6	6	6	8	8
4	3	0.413435	0.430859	0.466091	0.477067	0.489267	5	5	5	6	6	6	6	6	8	8
1	4	0.412892	0.428479	0.444000	0.491273	0.498165	5	5	5	6	7	6	6	6	8	10
2	4	0.414407	0.450838	0.467477	0.489012	0.498895	5	5	5	5	6	6	6	6	6	9
3	4	0.405092	0.427048	0.458464	0.478671	0.489163	5	5	6	6	7	6	6	8	8	10
4	4	0.414746	0.434778	0.466836	0.477067	0.498165	5	5	5	6	6	6	6	6	8	8
1	5	0.412985	0.470463	0.489267	0.491325	0.498165	5	5	5	6	7	6	6	6	8	10
2	5	0.434645	0.480456	0.489267	0.490983	0.498895	5	5	5	5	6	6	6	6	6	9
3	5	0.402203	0.418043	0.476642	0.480824	0.498295	5	5	6	6	7	6	6	8	8	10
4	5	0.414294	0.430629	0.461146	0.477935	0.498165	5	5	5	6	6	6	6	6	8	8
1	6	0.422300	0.466794	0.494301	0.498895	0.499049	5	5	5	6	7	6	6	6	8	10
2	6	0.426297	0.450864	0.452100	0.496638	0.498895	5	5	5	6	6	6	6	6	8	9
3	6	0.405092	0.475162	0.479219	0.492455	0.498895	5	5	6	7	7	6	6	8	10	10
4	6	0.413660	0.426665	0.456146	0.477484	0.498295	5	5	6	6	7	6	6	8	8	10
1	7	0.419195	0.453947	0.491228	0.498895	0.499049	5	5	6	6	7	6	6	8	8	10
2	7	0.431837	0.450864	0.451245	0.496459	0.499049	5	5	6	6	6	6	6	8	8	9
3	7	0.413956	0.475162	0.479219	0.484682	0.498895	5	6	6	7	7	6	8	8	10	11
4	7	0.424371	0.453546	0.465843	0.483855	0.499049	5	6	6	7	7	6	8	8	10	11
1	8	0.387698	0.436609	0.491228	0.494694	0.501447	5	5	6	6	7	6	7	8	8	10
2	8	0.414932	0.451150	0.467108	0.497811	0.499049	5	5	6	6	6	6	6	8	8	9
3	8	0.454546	0.480316	0.487016	0.494855	0.498895	5	5	6	7	7	6	6	8	10	11
4	8	0.424328	0.455040	0.480538	0.490833	0.499049	5	5	6	6	7	6	7	8	9	11
1	9	0.420355	0.467205	0.494694	0.499095	0.501447	5	5	6	6	7	6	6	8	9	10
2	9	0.416972	0.450516	0.460928	0.498895	0.499049	5	5	6	6	6	6	7	8	8	10
3	9	0.429335	0.480316	0.485323	0.494855	0.499049	5	5	6	6	7	6	7	8	8	11
4	9	0.431589	0.457319	0.480273	0.496789	0.499049	5	5	6	7	7	6	7	8	10	11
1	10	0.422237	0.467868	0.498597	0.499118	0.503613	5	6	6	7	7	6	8	9	10	10
2	10	0.419495	0.448327	0.470792	0.495381	0.499049	5	5	6	6	6	6	7	8	9	10
3	10	0.461575	0.488300	0.498972	0.501447	0.508218	5	6	6	6	7	6	8	9	9	11
4	10	0.458486	0.459208	0.470752	0.499049	0.508039	5	6	7	7	8	6	9	10	10	12
1	11	0.417814	0.467868	0.483058	0.499648	0.503613	5	6	6	6	7	6	8	9	9	10
2	11	0.427759	0.470792	0.494988	0.498916	0.499049	5	5	6	6	6	6	7	8	8	10
3	11	0.388728	0.480773	0.493708	0.499049	0.508218	5	5	6	7	7	6	7	9	10	11
4	11	0.438392	0.458581	0.464694	0.489793	0.508956	6	7	7	7	7	9	10	10	11	11
1	12	0.382798	0.465625	0.495899	0.501447	0.510078	5	6	6	6	7	6	9	9	9	10
2	12	0.419440	0.481742	0.498976	0.500251	0.503613	5	6	6	6	7	6	8	9	9	10
3	12	0.410332	0.483538	0.493708	0.499049	0.508218	5	5	6	7	7	6	7	9	11	11
4	12	0.420068	0.469753	0.496872	0.508218	0.529731	6	6	7	7	8	9	9	10	11	12
1	13	0.428663	0.467868	0.496721	0.508946	0.517589	5	6	6	7	7	6	9	9	10	11
2	13	0.414375	0.495226	0.503613	0.508218	0.516681	5	6	6	6	7	6	9	9	9	10
3	13	0.479923	0.493708	0.503191	0.510078	0.514328	5	6	6	7	7	6	8	9	11	11
4	13	0.428052	0.477401	0.495227	0.505674	0.529731	6	7	7	7	8	9	10	11	11	13
1	14	0.377919	0.467868	0.496721	0.508307	0.517589	5	6	6	7	7	6	9	9	10	11
2	14	0.414447	0.487556	0.496798	0.510024	0.531804	5	6	6	6	7	6	9	9	10	10
3	14	0.419420	0.488401	0.497393	0.510254	0.517589	5	6	6	6	7	6	8	9	9	11
4	14	0.434053	0.476318	0.492908	0.512857	0.529731	6	6	7	7	8	9	9	10	11	14
1	15	0.416787	0.493951	0.499130	0.519590	0.529918	5	6	6	7	8	6	9	9	10	13
2	15	0.416168	0.492318	0.496148	0.514328	0.531804	5	6	6	6	7	6	9	9	10	10
3	15	0.425414	0.492382	0.503410	0.524542	0.529731	5	6	6	6	7	6	8	9	9	11
4	15	0.451798	0.494068	0.495379	0.515320	0.531804	6	6	7	7	8	9	10	10	12	14
1	16	0.422898	0.471354	0.499130	0.519346	0.529918	5	6	6	7	8	6	9	9	10	13
2	16	0.430592	0.492458	0.497841	0.527141	0.531857	5	6	6	6	7	6	9	9	10	10
3	16	0.415681	0.452454	0.491055	0.499049	0.529918	5	5	6	6	7	6	7	9	9	11
4	16	0.452499	0.474532	0.490839	0.499001	0.531804	6	7	7	8	9	9	10	12	14	15
1	17	0.394216	0.443935	0.499130	0.524583	0.531804	5	5	6	6	8	6	6	9	9	13
2	17	0.424407	0.494425	0.498559	0.528183	0.531857	5	6	6	7	7	6	8	9	10	12
3	17	0.414160	0.482597	0.493708	0.522675	0.529918	5	6	6	6	7	6	8	9	9	11
4	17	0.417580	0.472165	0.495227	0.529918	0.541736	6	6	6	7	10	9	9	9	11	20
1	18	0.405538	0.482758	0.514401	0.525047	0.531804	5	6	6	8	8	6	9	9	13	13
2	18	0.415335	0.492458	0.498975	0.527605	0.540677	5	6	7	7	8	6	9	10	11	14
3	18	0.457661	0.484766	0.495397	0.530389	0.542945	5	6	6	6	7	6	9	9	9	11
4	18	0.458159	0.469634	0.497145	0.529918	0.542608	6	6	6	7	10	9	9	9	10	20
1	19	0.420484	0.499130	0.522795	0.531857	0.537246	5	6	6	8	9	6	9	9	13	15
2	19	0.417305	0.480261	0.492523	0.527605	0.540677	6	6	7	7	8	9	10	10	13	15
3	19	0.421839	0.491042	0.498272	0.541736	0.542945	5	6	6	7	7	6	9	9	11	11
4	19	0.440441	0.484719	0.495227	0.511514	0.542608	6	7	8	8	10	9	10	14	15	20
1	20	0.434263	0.498815	0.499879	0.522795	0.542608	5	5	8	8	9	6	6	13	13	15
2	20	0.428887	0.492523	0.498976	0.527605	0.542945	6	7	7	7	8	10	10	12	12	16
3	20	0.452744	0.487998	0.515689	0.541736	0.543569	5	6	6	7	8	6	9	10	11	13
4	20	0.418481	0.484719	0.498107	0.522284	0.542608	6	7	8	8	10	9	10	14	15	21
