1	1	275.000000	8	12	1	3890782240	-1	-1	
1	2	1161.000000	8	12	1	3796691152	-1	-1	
1	3	2.000000	8	12	1	3796699488	-1	-1	
1	4	201.000000	8	12	1	3796444032	-1	-1	
1	5	23.000000	8	12	1	3796861824	-1	-1	
1	6	158.000000	8	12	1	3796644016	-1	-1	
2	1	82.000000	8	12	1	3796144736	-1	-1	
2	2	1.000000	8	12	1	3800646384	3890782240	3796144736	
2	3	1.000000	8	12	1	3796608880	3796144736	3796144736	
2	4	158.000000	8	12	1	3796940720	3890782240	-2	
2	5	8.000000	8	12	1	3796701936	3796144736	3796691152	
2	6	1.000000	9	14	2	3796564320	3796144736	-2	
3	1	52.000000	8	12	1	3797170032	-1	-1	
3	2	127.000000	8	12	1	3796537664	3797170032	-2	
3	3	9.000000	8	12	1	3795711136	3796144736	-2	
3	4	97.000000	8	12	1	3796561520	3796940720	-2	
3	5	138.000000	8	12	1	3796544704	3796144736	3797170032	
3	6	84.000000	8	12	1	3796544848	3797170032	3797170032	
4	1	1.000000	8	12	1	3796087824	3796144736	-2	
4	2	1.000000	8	12	1	3796357296	3796087824	3796087824	
4	3	5.000000	8	12	1	3796090336	3796544704	3796087824	
4	4	1.000000	8	12	1	3796110464	3796087824	3796544704	
4	5	1.000000	8	12	1	3796355280	3796544704	-2	
4	6	36.000000	8	12	1	3795843360	3796544704	3796087824	
5	1	27.000000	8	12	1	3796087824	3796144736	-2	
5	2	1.000000	8	12	1	3890332544	3796087824	-2	
5	3	1.000000	8	12	1	3796273792	3795843360	3795843360	
5	4	1.000000	8	12	1	3796185696	3795843360	3795843360	
5	5	1.000000	8	12	1	3796203952	3795843360	-2	
5	6	1.000000	8	12	1	3796517328	3796090336	-2	
6	1	1.000000	8	12	1	3796087824	3796144736	-2	
6	2	31.000000	8	12	1	3796141504	3796185696	3796185696	
6	3	255.000000	8	12	3	3796691152	-1	-1	
6	4	276.000000	8	12	3	3800321728	3796691152	3796691152	
6	5	174.000000	8	12	3	3796625984	3796691152	3796691152	
6	6	142.000000	8	12	3	3795815120	3796691152	3796691152	
7	1	40.000000	8	12	1	3795723856	3796087824	3796087824	
7	2	1.000000	8	12	1	3796938928	3795723856	-2	
7	3	1.000000	8	12	1	3800738576	3795723856	3795723856	
7	4	112.000000	8	12	1	3800321728	3796691152	3796691152	
7	5	140.000000	8	12	1	3796322512	3800321728	-2	
7	6	150.000000	8	12	1	3797034288	3800321728	3800321728	
8	1	245.000000	8	12	1	3795224352	3796160256	-2	
8	2	117.000000	8	12	1	3796201568	3797034288	3797034288	
8	3	101.000000	8	12	1	3795838688	3797034288	-2	
8	4	196.000000	8	12	1	3795843504	3795224352	-2	
8	5	202.000000	8	12	1	3796585088	3795224352	3797034288	
8	6	246.000000	8	12	1	3795767328	3796322512	-2	
9	1	7206.000000	8	12	1	3795688496	3795224352	3795224352	
9	2	162.000000	8	12	1	3796120944	3795767328	3795767328	
9	3	1248.000000	8	12	1	3796122672	3795688496	3795688496	
9	4	7066.000000	8	12	1	3796207904	3795688496	-2	
9	5	1163.000000	8	12	1	3796250368	3795767328	3795767328	
9	6	151.000000	8	12	1	3796503104	3795688496	3795767328	
10	1	242.000000	8	12	1	3795556128	3795630864	-2	
10	2	230.000000	8	12	1	3786648480	3795688496	3795688496	
10	3	246.000000	8	12	1	3787073824	3795556128	3795556128	
10	4	248.000000	8	12	1	3777548176	3795556128	3795556128	
10	5	7065.000000	8	12	1	3786678944	3795556128	3796207904	
10	6	1.000000	8	12	1	3777532368	3795556128	-2	
11	1	1236.000000	8	12	1	3795556128	3795630864	-2	
11	2	180.000000	8	12	1	3787390864	3786678944	3795556128	
11	3	7247.000000	8	12	1	3796108304	3795556128	-2	
11	4	196.000000	8	12	1	3786978752	3786678944	3795556128	
11	5	1.000000	8	12	1	3787147328	3786678944	-2	
11	6	1177.000000	8	12	1	3796531200	3777548176	-2	
12	1	276.000000	8	12	1	3796108304	3795556128	-2	
12	2	7117.000000	8	12	4	3778145472	3796496272	3795556128	
12	3	55.000000	8	12	4	3796221120	3778145472	3778145472	
12	4	1.000000	8	12	4	3786727744	3778145472	-2	
12	5	1258.000000	8	12	1	3795772720	3795556128	3795556128	
12	6	7078.000000	8	12	6	3796109952	3778145472	-2	
13	1	1217.000000	8	12	1	3795772720	3795556128	3795556128	
13	2	60.000000	8	12	1	3778145472	3796496272	3795556128	
13	3	8066.000000	8	12	1	3795893664	3778145472	3778145472	
13	4	130.000000	8	12	4	3795890352	3778145472	-2	
13	5	26.000000	8	12	6	3796109952	3778145472	-2	
13	6	1.000000	8	12	6	3795889776	3796109952	3796109952	
14	1	120.000000	8	12	1	3797278032	3778145472	3778145472	
14	2	144.000000	8	12	1	3777593808	3797278032	-2	
14	3	141.000000	8	12	1	3786790912	3797278032	-2	
14	4	172.000000	8	12	1	3786798448	3797278032	3797278032	
14	5	135.000000	8	12	1	3777643536	3797278032	3797278032	
14	6	66.000000	9	14	7	3777642096	3797278032	3797278032	
15	1	181.000000	8	12	1	3786798448	3797278032	3797278032	
15	2	112.000000	8	12	1	3786734352	3777593808	3786798448	
15	3	2.000000	9	14	8	3786151504	3778145472	-2	
15	4	1.000000	9	14	8	3795877632	3786151504	3786151504	
15	5	1.000000	9	14	8	3796161840	3786151504	3786151504	
15	6	1.000000	9	14	8	3787086896	3786151504	3786151504	
16	1	88.000000	8	12	1	3795823952	3795812960	3795812960	
16	2	183.000000	8	12	1	3796619584	3795823952	-2	
16	3	68.000000	8	12	1	3796091408	3795823952	3795823952	
16	4	8114.000000	8	12	1	3796442160	3795823952	3795823952	
16	5	38.000000	8	12	1	3787051184	3795823952	3795823952	
16	6	7100.000000	8	12	1	3787107232	3795823952	3795823952	
17	1	230.000000	8	12	1	3778219200	3795812960	3795812960	
17	2	191.000000	8	12	1	3786753472	3778219200	3778219200	
17	3	1230.000000	8	12	9	3795890352	3796442160	3778219200	
17	4	56.000000	8	12	1	3796255472	3796442160	3787107232	
17	5	37.000000	8	12	9	3786766688	3796442160	3796442160	
17	6	1.000000	8	12	1	3795889200	3778219200	-2	
18	1	1.000000	8	12	1	3787754544	3795823952	3795823952	
18	2	8255.000000	8	12	1	3795890352	3796442160	3778219200	
18	3	250.000000	8	12	11	3787126128	3778219200	-2	
18	4	7020.000000	8	12	11	3797031840	3778219200	-2	
18	5	1245.000000	8	12	1	3777637424	3795890352	3795890352	
18	6	7127.000000	9	14	10	3786713440	3787754544	-2	
19	1	1262.000000	8	12	1	3795890352	3796442160	3778219200	
19	2	238.000000	8	12	1	3787557152	3795890352	-2	
19	3	68.000000	9	14	10	3786713440	3787754544	-2	
19	4	7188.000000	9	14	10	3787427440	3786713440	3786713440	
19	5	1201.000000	9	14	10	3777678960	3786713440	3786713440	
19	6	73.000000	9	14	10	3787520640	3786713440	3786713440	
20	1	253.000000	8	12	1	3795890352	3796442160	3778219200	
20	2	163.000000	9	14	10	3787427440	3786713440	3786713440	
20	3	56.000000	8	12	12	3777276976	3786744848	3778219200	
20	4	60.000000	8	12	12	3786813472	3777276976	-2	
20	5	7193.000000	8	12	12	3796529184	3777276976	-2	
20	6	158.000000	8	12	12	3786750528	3777276976	-2	
