1	1	190.000000	8	12	1	3890738768	-1	-1	
1	2	178.000000	8	12	1	3796643296	-1	-1	
1	3	265.000000	8	12	1	3796643584	-1	-1	
1	4	194.000000	8	12	1	3796578048	-1	-1	
1	5	68.000000	8	12	1	3796646320	-1	-1	
1	6	1.000000	8	12	1	3796643296	-1	-1	
2	1	208.000000	8	12	1	3796643584	-1	-1	
2	2	210.000000	8	12	1	3795636400	3796643584	3890738768	
2	3	231.000000	8	12	1	3795635824	3890738768	3796643584	
2	4	275.000000	8	12	1	3795659104	3796643584	3890738768	
2	5	275.000000	8	12	1	3795635248	3796578048	-2	
2	6	1249.000000	8	12	1	3795661840	3796643584	3796643584	
3	1	85.000000	8	12	1	3795661840	3796643584	3796643584	
3	2	47.000000	8	12	1	3796128496	3890818464	3795659104	
3	3	4.000000	8	12	1	3796515600	3795661840	-2	
3	4	71.000000	8	12	1	3796520560	3795661840	-2	
3	5	6.000000	8	12	1	3796124608	3890818464	3890818464	
3	6	34.000000	8	12	1	3796134464	3795661840	3795661840	
4	1	229.000000	8	12	1	3796982112	3796752384	3890701472	
4	2	256.000000	8	12	1	3796505392	3796982112	-2	
4	3	43.000000	8	12	1	3796488080	3795661840	-2	
4	4	217.000000	8	12	1	3796162848	3795661840	3796982112	
4	5	108.000000	8	12	1	3796161264	3795661840	3795661840	
4	6	231.000000	8	12	1	3795749296	3796982112	3796982112	
5	1	249.000000	8	12	1	3796505392	3796982112	-2	
5	2	256.000000	8	12	1	3796069568	3796505392	3796505392	
5	3	273.000000	8	12	1	3796114048	3795749296	3796505392	
5	4	245.000000	8	12	1	3796481040	3796982112	3796982112	
5	5	241.000000	8	12	1	3796149472	3796505392	3795749296	
5	6	244.000000	8	12	1	3796149408	3796505392	3796505392	
6	1	248.000000	8	12	1	3796114048	3795749296	3796505392	
6	2	241.000000	8	12	1	3796077616	3796505392	3796069568	
6	3	276.000000	8	12	1	3796219616	3799905504	3890701472	
6	4	274.000000	8	12	1	3796123536	3796219616	-2	
6	5	276.000000	8	12	1	3796093424	3796219616	3796219616	
6	6	256.000000	9	14	3	3795832000	3796069568	-2	
7	1	274.000000	8	12	1	3796219616	3799905504	3890701472	
7	2	275.000000	8	12	1	3796621744	3796219616	3796219616	
7	3	232.000000	9	14	3	3795832000	3796069568	-2	
7	4	25.000000	9	14	3	3796150272	3795832000	3795832000	
7	5	1.000000	9	14	3	3796249504	3795832000	3795832000	
7	6	6.000000	9	14	4	3796585520	3796219616	-2	
8	1	232.000000	8	12	1	3796201216	3796361824	3796261360	
8	2	271.000000	8	12	1	3795785648	3796201216	-2	
8	3	255.000000	8	12	1	3796135392	3796201216	3796201216	
8	4	274.000000	8	12	1	3796502016	3796201216	3796201216	
8	5	258.000000	8	12	1	3796506480	3796201216	3796201216	
8	6	259.000000	9	14	5	3796078912	3796201216	3796201216	
9	1	276.000000	8	12	1	3796103984	3796219616	3796219616	
9	2	275.000000	8	12	1	3786983056	3796103984	3796502016	
9	3	44.000000	8	12	1	3786667600	3795785648	-2	
9	4	242.000000	9	14	5	3796078912	3796201216	3796201216	
9	5	260.000000	9	14	5	3786988304	3796078912	3796078912	
9	6	263.000000	9	14	5	3796997136	3796078912	3796078912	
10	1	274.000000	8	12	1	3796103984	3796219616	3796219616	
10	2	274.000000	8	12	1	3796089184	3796103984	-2	
10	3	275.000000	8	12	1	3795678864	3796103984	3796103984	
10	4	259.000000	9	14	5	3796997136	3796078912	3796078912	
10	5	257.000000	9	14	5	3796252096	3796997136	-2	
10	6	274.000000	9	14	5	3787004768	3796997136	-2	
11	1	276.000000	8	12	1	3795678864	3796103984	3796103984	
11	2	274.000000	8	12	1	3796924912	3795678864	3795678864	
11	3	276.000000	8	12	1	3795794128	3795678864	3795678864	
11	4	276.000000	8	12	1	3796571792	3795678864	-2	
11	5	274.000000	9	14	5	3787004768	3796997136	-2	
11	6	274.000000	9	14	5	3796589696	3787004768	-2	
12	1	276.000000	8	12	1	3795678864	3796103984	3796103984	
12	2	275.000000	8	12	1	3787004976	3796571792	3795794128	
12	3	276.000000	8	12	1	3796159472	3795794128	3795794128	
12	4	274.000000	8	12	1	3796490016	3795678864	3795794128	
12	5	265.000000	9	14	5	3787004768	3796997136	-2	
12	6	60.000000	9	14	5	3796513664	3787004768	-2	
13	1	92.000000	8	12	1	3795678864	3796103984	3796103984	
13	2	97.000000	8	12	1	3796221840	3796159472	-2	
13	3	1.000000	8	12	1	3796070576	3786660416	-2	
13	4	1.000000	8	12	1	3786600768	3786660416	-2	
13	5	80.000000	8	12	1	3787020496	3796159472	3786660416	
13	6	261.000000	9	14	5	3787004768	3796997136	-2	
14	1	145.000000	8	12	1	3796221840	3796159472	-2	
14	2	211.000000	9	14	5	3787004768	3796997136	-2	
14	3	240.000000	9	14	5	3795659824	3787004768	3787004768	
14	4	250.000000	9	14	6	3786961072	3796262080	-2	
14	5	157.000000	9	14	6	3786997648	3786961072	-2	
14	6	22.000000	9	14	6	3777558880	3786961072	-2	
15	1	230.000000	8	12	1	3796713216	3795734128	-2	
15	2	222.000000	8	12	1	3787065984	3796713216	3796713216	
15	3	162.000000	9	14	5	3795659824	3787004768	3787004768	
15	4	10.000000	9	14	5	3786662784	3795659824	-2	
15	5	224.000000	9	14	6	3786961072	3796262080	-2	
15	6	21.000000	9	14	6	3795783280	3786961072	3786961072	
16	1	243.000000	8	12	1	3796713216	3795734128	-2	
16	2	245.000000	8	12	1	3796192016	3796713216	3796713216	
16	3	7091.000000	9	14	6	3777597904	3786961072	3786961072	
16	4	44.000000	9	14	6	3786729968	3777597904	-2	
16	5	1.000000	9	14	6	3795883312	3777597904	-2	
16	6	1.000000	10	16	7	3796205312	3777597904	-2	
17	1	249.000000	8	12	1	3796192016	3796713216	3796713216	
17	2	87.000000	9	14	6	3777597904	3786961072	3786961072	
17	3	154.000000	9	14	6	3786576624	3777597904	-2	
17	4	61.000000	9	14	8	3786761008	3796297792	-2	
17	5	4.000000	10	16	8	3786990032	3786761008	-2	
17	6	1.000000	9	14	8	3796147328	3786761008	-2	
18	1	223.000000	8	12	1	3796192016	3796713216	3796713216	
18	2	236.000000	8	12	1	3795650848	3796192016	3796192016	
18	3	276.000000	9	14	6	3777597904	3786961072	3786961072	
18	4	102.000000	9	14	6	3796237504	3777597904	3777597904	
18	5	43.000000	9	14	6	3796633600	3777597904	3777597904	
18	6	1.000000	9	14	6	3795743040	3777597904	-2	
19	1	238.000000	8	12	1	3796305632	3796713216	3796713216	
19	2	261.000000	8	12	1	3796149184	3796305632	3796305632	
19	3	274.000000	8	12	1	3787424560	3796305632	3796305632	
19	4	259.000000	8	12	1	3777597328	3796305632	3796305632	
19	5	271.000000	8	12	1	3795822944	3796305632	-2	
19	6	60.000000	9	14	6	3777597904	3786961072	3786961072	
20	1	248.000000	8	12	1	3787424560	3796305632	3796305632	
20	2	271.000000	8	12	1	3777726528	3795822944	3787424560	
20	3	14.000000	9	14	6	3777597904	3786961072	3786961072	
20	4	1.000000	9	14	6	3777645616	3777597904	3777597904	
20	5	1.000000	9	14	6	3777726960	3777597904	-2	
20	6	1.000000	9	14	6	3777737664	3777597904	3777597904	
